# detector=MediaPipeFaceLandmarker-CPU confidence=0.900000
478
640.41186523 550.48516846 -33.05450439
640.37536621 504.44891357 -76.76330566
640.62329102 517.93212891 -37.24927521
627.75231934 455.94287109 -62.57271576
640.08752441 489.41369629 -83.18132019
639.78894043 469.94287109 -79.40699005
639.43286133 421.51211548 -46.21242905
540.70220947 409.26486206 11.12134457
638.67919922 375.12438965 -40.49539948
638.56982422 352.18569946 -46.40637970
637.06170654 276.61828613 -41.58033371
640.44586182 556.72869873 -30.52740479
640.59118652 562.87835693 -25.24710846
640.35394287 567.54718018 -17.47771263
640.34606934 567.77465820 -17.05203438
640.30908203 575.03405762 -17.83814621
640.52374268 583.68188477 -19.93853569
640.36431885 592.43078613 -16.68945122
640.50653076 607.96966553 -0.76590836
640.50201416 511.93176270 -68.50836182
628.61456299 511.56680298 -48.23258972
482.49935913 344.75216675 72.71068573
577.23663330 424.72662354 -3.25307345
563.42187500 425.15802002 -1.80432212
550.15393066 423.91644287 2.46166301
534.02276611 414.74029541 14.52881050
588.97985840 421.97235107 -1.83743465
554.36840820 377.05993652 -11.92511177
571.30523682 379.26846313 -12.29859257
539.53356934 380.24572754 -6.39297867
530.82183838 386.92202759 0.16897538
520.59649658 424.08926392 23.23825455
590.59375000 630.21331787 20.48828125
536.08666992 404.78067017 15.83788013
476.84039307 412.32284546 87.94587708
503.29898071 412.69979858 36.93022156
568.14788818 487.31231689 -8.90248489
623.27947998 547.12597656 -31.29739952
624.72338867 562.39813232 -23.03603935
606.69763184 551.48541260 -22.00877762
595.53601074 555.21740723 -10.47725201
611.40942383 562.00653076 -17.03418350
600.83410645 561.77423096 -6.57039738
576.73370361 575.93029785 15.80224895
629.04614258 504.27716064 -75.46093750
626.84899902 489.39801025 -81.31324768
508.92453003 374.65948486 3.88507748
598.08044434 450.17111206 -15.59058189
598.37091064 499.38040161 -39.74036407
597.10620117 490.96051025 -36.18964767
524.12689209 483.77764893 10.33012867
627.06347656 471.31063843 -74.65913391
540.80194092 357.64801025 -23.44357491
521.84082031 363.38479614 -11.03517628
497.57418823 318.09027100 40.34786224
606.24029541 370.18450928 -36.13198471
585.94396973 387.20803833 -7.73176575
565.59826660 560.86437988 17.31829643
501.79598999 555.17712402 146.97195435
609.57604980 508.02279663 -33.45980835
619.57641602 512.01098633 -33.75985718
580.89471436 560.29632568 15.64552307
583.91790771 560.67602539 11.58549309
513.68109131 353.47802734 -5.34811735
598.03210449 505.67562866 -30.86815643
568.17572021 358.14959717 -32.35100937
565.24475098 345.24261475 -37.08522797
554.58734131 284.73239136 -21.05869484
505.12469482 335.26843262 13.93763638
560.23388672 314.53347778 -30.40995407
500.19625854 367.24258423 15.22095680
490.63992310 356.49411011 41.98560333
623.60192871 555.15234375 -28.74057770
609.14672852 556.98547363 -20.11289406
598.18048096 558.16485596 -9.67214680
612.59838867 510.78082275 -29.94132805
582.52526855 560.47210693 13.47543240
589.44433594 565.18554688 5.33724737
585.81555176 561.14056396 11.25812435
615.48138428 503.27185059 -54.40115356
602.91735840 564.22442627 -3.44159651
613.53552246 565.26159668 -10.19052887
626.07794189 566.69390869 -15.65163994
621.79370117 607.30371094 0.04108554
623.12512207 590.62597656 -15.54359055
623.41345215 581.73681641 -18.29027557
624.39117432 573.68981934 -15.84355354
625.92553711 566.61718750 -15.08431911
602.70275879 564.06811523 -2.77567887
600.02008057 566.79962158 -3.99943590
597.53405762 570.67541504 -5.41898775
595.81451416 575.14801025 -2.19285607
581.37915039 539.65161133 -7.31972790
480.50549316 478.42123413 158.13339233
640.58398438 515.49914551 -48.47378159
594.91125488 562.91998291 5.41999578
592.04748535 564.24279785 4.83756161
622.09973145 517.17065430 -33.14638519
602.35900879 513.97698975 -18.97358131
620.82617188 514.78839111 -33.89155579
582.12915039 458.33938599 -9.18694115
557.40283203 467.33612061 -3.28819847
594.74816895 497.37722778 -27.10968399
520.66729736 297.73080444 7.37486601
527.40417480 321.26611328 -9.63880253
535.22198486 345.28552246 -22.94140053
588.66796875 587.90209961 9.62032700
600.91174316 348.83566284 -44.42613220
596.92449951 313.87008667 -41.98715591
592.99591064 278.31689453 -37.57598495
540.02349854 420.78009033 8.85045242
505.02569580 434.21215820 32.63258362
596.71984863 418.51739502 -0.38302147
517.42468262 394.22613525 13.77564430
608.28393555 441.28186035 -21.90870476
605.72583008 494.01083374 -54.80615234
490.38088989 443.56045532 50.71119690
514.72845459 445.34793091 20.61476135
532.56951904 451.48760986 7.42814112
560.05627441 450.04602051 0.57505441
580.57019043 444.83135986 -3.73881388
595.92968750 438.74765015 -8.63917446
626.36633301 424.46124268 -40.11196136
494.42294312 475.80709839 50.57750320
505.28106689 392.00286865 20.39103508
634.02563477 511.39675903 -67.62452698
600.24755859 465.96569824 -20.25831604
471.89031982 409.11111450 136.94248962
607.65570068 431.32165527 -12.05781364
593.24896240 497.83093262 -12.30976963
527.95861816 405.20468140 19.10784340
605.05627441 483.94232178 -50.35383224
489.43188477 515.96697998 156.52818298
597.07861328 413.13812256 2.28777957
615.44006348 475.64331055 -65.34041595
533.58355713 592.06823730 71.95257568
535.80822754 607.99133301 101.44512177
483.47235107 477.74984741 104.13280487
515.52111816 571.69604492 88.08589172
482.72656250 382.01647949 68.70993042
588.94091797 644.77276611 31.43647385
635.62872314 515.18048096 -47.44247437
586.80352783 476.57528687 -13.42530346
491.14163208 414.43261719 51.90911865
552.08612061 415.25708008 2.49877667
563.00775146 416.95150757 -1.15023983
587.56011963 567.64331055 8.15635681
499.70886230 506.63601685 59.36363220
613.58288574 664.19482422 38.25529861
574.39788818 642.74133301 65.27675629
557.01965332 628.42675781 81.16130066
637.67370605 314.23480225 -45.65538788
640.57366943 666.50073242 33.88788986
574.40966797 416.50585938 -1.99408782
585.27020264 415.01367188 -0.07153905
593.03887939 414.37469482 2.41474342
494.67602539 388.08569336 34.86477280
584.64184570 399.35317993 -4.36193371
572.65356445 393.75836182 -6.97236919
560.81945801 392.53326416 -6.11585236
549.39587402 394.71463013 -1.95836723
542.63684082 398.41387939 3.21080804
474.51388550 373.74710083 107.79720306
545.21752930 412.40493774 7.17704678
640.48352051 529.32647705 -32.24490356
595.97814941 533.36920166 -16.36236191
609.71978760 505.58691406 -39.50381851
621.85327148 529.49121094 -30.53805161
639.05218506 400.38031006 -38.03166962
552.67016602 612.60876465 59.99357605
570.23767090 628.51623535 46.70423126
612.43951416 655.27905273 17.94936752
518.10943604 585.68676758 126.17724609
593.24591064 407.64031982 -0.54496813
617.82250977 447.65362549 -41.90618896
640.54565430 657.99468994 14.40703773
592.54815674 655.20288086 49.01256943
491.22985840 511.74212646 106.41326904
613.39489746 565.49176025 -9.55541515
610.80285645 570.08984375 -10.82419300
608.98895264 576.43646240 -12.51113319
607.76300049 584.39062500 -9.70157146
603.38903809 599.40814209 3.26522160
592.38104248 561.04559326 3.04536223
589.73718262 559.49780273 3.01464176
587.53570557 557.91986084 2.61772060
570.45446777 548.89111328 4.29488134
516.20642090 515.75067139 29.93161774
617.50823975 431.82751465 -30.10317230
607.45275879 399.63894653 -9.49585724
598.38330078 401.79867554 -3.70518541
594.96166992 562.82800293 4.95164108
518.33343506 551.05200195 56.84714508
622.48297119 402.26373291 -28.08247375
596.33862305 614.58044434 12.74975967
639.78814697 453.95343018 -67.85211945
627.08258057 441.36795044 -53.08640289
639.43902588 438.91317749 -56.76828384
608.65911865 470.55374146 -39.14785767
640.38378906 644.01538086 4.43809652
640.56091309 625.47454834 2.15140867
617.69482422 623.64923096 5.13243580
565.56976318 583.27526855 25.14966774
580.61370850 508.16619873 -7.03901529
579.84936523 601.17596436 19.91217041
545.33032227 504.17889404 -0.57682014
566.42242432 521.51220703 -1.97681975
534.92498779 527.28564453 14.02553177
613.56091309 641.75372314 8.32851315
601.05468750 478.56677246 -27.53525734
555.19360352 595.77166748 40.70675659
573.10565186 614.06903076 32.88372421
552.98638916 564.55407715 24.19375610
505.36474609 532.43780518 67.84454346
536.90887451 567.29437256 39.01330566
500.61477661 543.37945557 104.40933990
555.22515869 538.64294434 7.38803339
609.50592041 456.41528320 -30.26501083
610.84405518 500.85180664 -57.60128403
603.04602051 504.36709595 -40.92706680
615.70538330 490.83520508 -68.53672791
594.87707520 382.61267090 -15.31807995
570.13543701 371.67297363 -17.86294365
548.94952393 369.88253784 -16.12293053
532.38989258 373.86929321 -9.25510788
521.73651123 381.91433716 0.66177726
517.16528320 408.64779663 25.63406372
477.97918701 444.79693604 96.76786804
528.66400146 430.75036621 16.18112564
542.63476562 435.75146484 7.71366358
561.36364746 436.54248047 1.54993296
579.29223633 434.07324219 -2.12105274
593.18841553 429.70761108 -3.22742033
602.76843262 425.24487305 -4.91042471
475.00775146 443.05761719 152.21553040
603.59094238 508.21844482 -33.22758484
617.74597168 461.84732056 -51.65431976
620.12536621 501.70291138 -68.66004944
627.58239746 508.68450928 -61.93935776
620.64263916 503.83438110 -61.41832733
607.05371094 512.65039062 -27.66427040
629.69024658 510.31985474 -65.52954865
631.49816895 513.53967285 -47.72547913
601.78967285 413.64447021 0.21262413
610.29791260 416.91821289 -8.17199135
616.03149414 420.30822754 -17.57832336
538.94873047 401.63766479 8.79707718
526.22882080 394.93008423 9.47592545
651.70715332 455.59271240 -62.80390930
739.95617676 406.66677856 9.88537407
652.61138916 511.22686768 -48.34857941
794.28802490 340.10223389 70.60157013
702.91455078 423.16693115 -4.14777136
716.75207520 423.62548828 -2.85809493
730.35900879 421.77389526 1.29191232
746.19134521 411.69879150 13.14013386
690.53314209 420.42663574 -2.46330047
724.24401855 373.46166992 -13.09570885
707.13684082 376.47113037 -13.17410374
739.47229004 376.20227051 -7.63655758
748.75585938 382.69015503 -1.16874623
759.73571777 420.39196777 21.77408600
691.45153809 628.24530029 19.79624367
744.14660645 401.38623047 14.48733234
801.81591797 407.80105591 86.09736633
776.58477783 408.33853149 35.32080460
712.55969238 485.71679688 -9.88354301
657.55914307 546.66412354 -31.68464851
656.07171631 561.86999512 -23.29000092
673.53820801 550.65411377 -22.73500061
684.72058105 554.10998535 -11.45486927
669.06701660 561.55285645 -17.65896225
679.49963379 560.59289551 -7.32183409
703.43652344 574.27685547 14.58280563
651.47583008 504.01177979 -75.62445068
653.44818115 489.43234253 -81.55559540
770.35363770 369.23858643 2.35485578
681.65979004 449.16040039 -16.27943230
682.28686523 498.39328003 -40.38582611
683.11877441 490.05444336 -36.89102173
756.87622070 480.58987427 8.87915134
652.38415527 470.75973511 -74.86914825
737.49450684 352.62377930 -24.32965851
757.03125000 358.08282471 -12.22582245
778.61175537 313.57315063 38.42863083
671.65014648 368.01333618 -36.32645035
692.77526855 384.83718872 -8.47096539
714.68902588 558.60119629 15.84613895
780.06945801 550.35998535 145.01054382
670.93621826 507.37530518 -34.01929092
661.20227051 511.25402832 -34.01911163
697.69116211 559.02508545 14.38914299
694.77532959 559.53198242 10.38263893
764.68719482 347.97845459 -6.71849489
682.51806641 504.62744141 -31.54504967
709.78503418 354.34506226 -32.99844360
712.37536621 341.27420044 -37.79604721
720.14739990 282.05551147 -22.21304131
771.50244141 330.55578613 12.31343651
715.53454590 311.59286499 -31.20640182
778.45019531 361.72021484 13.71689224
786.60705566 351.68045044 40.14234161
657.23205566 554.84222412 -29.07125664
671.35388184 556.26458740 -20.75669289
682.23236084 557.35583496 -10.54687023
668.23937988 509.88568115 -30.29554558
696.61529541 559.24725342 12.29084873
690.16357422 564.21929932 4.33412409
693.36865234 560.05969238 10.10130119
665.62854004 502.73596191 -54.80821609
677.21954346 563.06280518 -4.13878012
667.20715332 564.74047852 -10.72525978
654.81048584 566.51867676 -15.94476223
659.45977783 606.21850586 -0.15829815
658.15551758 590.08221436 -15.81857586
657.61224365 581.47729492 -18.52212906
656.63909912 572.94384766 -16.17737198
654.83361816 566.61950684 -15.34480000
677.53588867 563.08569336 -3.46025896
680.22631836 565.59948730 -4.72203159
682.73486328 569.69628906 -6.15934277
684.77386475 573.93963623 -2.95789480
699.39147949 538.08038330 -8.38738346
800.19250488 474.24172974 155.83818054
684.98913574 561.82812500 4.48281240
687.30993652 563.06524658 3.83036184
658.74761963 516.59729004 -33.38637543
677.86627197 513.11853027 -19.49718857
659.90728760 514.33447266 -34.14007568
697.90051270 456.64126587 -9.94445610
723.10333252 465.29528809 -4.30584478
685.63049316 496.24935913 -27.79795647
754.87646484 293.85076904 5.81754923
748.89721680 317.00878906 -10.98317623
742.59771729 340.28524780 -23.91569519
692.21038818 586.20874023 8.70135212
676.26696777 346.30529785 -44.59681702
678.66912842 312.36947632 -42.54779434
681.35711670 276.79727173 -38.06940460
740.71112061 417.87255859 7.55060577
775.38317871 430.45132446 31.07097435
682.88012695 417.34860229 -1.01940858
762.38757324 389.88177490 12.32485199
670.98168945 440.41009521 -22.44130898
674.80950928 493.41168213 -55.33570099
789.93865967 439.26641846 48.93547821
766.15570068 441.88458252 18.96582985
748.42443848 448.75720215 6.02678299
720.94128418 448.01040649 -0.42902982
699.88250732 443.31396484 -4.55480862
683.86364746 437.24719238 -9.29704189
652.45056152 423.90765381 -40.32292175
786.41729736 471.93673706 48.66387177
773.97045898 387.24285889 18.71267509
646.80352783 511.06567383 -67.73472595
679.99047852 464.98791504 -20.94629288
806.37097168 404.64572144 134.47760010
672.13677979 430.07400513 -12.56866360
687.11425781 496.73559570 -12.99743557
752.07891846 401.54296875 17.77654839
675.28894043 483.20159912 -50.90903854
792.04650879 511.61029053 154.46582031
682.02929688 411.86849976 1.70435977
664.45312500 475.14883423 -65.73458862
748.68347168 588.35162354 70.19491577
746.29302979 603.67150879 99.58848572
797.71130371 473.12902832 102.20829010
766.49597168 567.21301270 86.22840118
795.09216309 377.49624634 66.87740326
693.25561523 642.52941895 30.48123550
645.55389404 514.77655029 -47.51509857
693.67749023 475.24682617 -14.23330212
788.46319580 409.72116089 50.14607239
728.21649170 413.09234619 1.37199867
717.27856445 415.12951660 -2.18145752
692.31945801 565.96563721 6.99934435
782.24719238 502.52688599 57.36858749
668.02026367 663.22076416 37.74934387
707.65435791 639.92810059 64.08427429
725.05383301 624.75268555 79.64134979
705.01599121 414.87722778 -2.82909870
694.03002930 413.62188721 -0.91810280
686.48864746 412.87530518 1.81199896
784.59075928 383.16348267 33.02479553
693.79156494 397.34310913 -5.16292191
705.65423584 391.22177124 -7.90808153
718.17553711 389.64996338 -7.24524117
729.67175293 391.50744629 -3.11782742
737.17333984 395.32659912 2.01854658
802.86718750 369.01605225 105.60645294
735.29357910 410.14300537 6.05747461
684.70141602 532.25231934 -17.17886353
670.94616699 504.96936035 -40.00320816
659.14416504 529.00488281 -30.87512016
729.27429199 608.99908447 58.47016144
711.61853027 625.61712646 45.50738525
669.32812500 654.58422852 17.50440407
764.00085449 581.11932373 123.97968292
685.74243164 405.87512207 -1.26760185
661.59729004 447.18536377 -42.29106522
689.42108154 653.24145508 48.04087830
790.34716797 507.37976074 104.30725098
667.58923340 564.63476562 -10.09175205
669.90173340 569.55035400 -11.28493881
672.16973877 576.01086426 -13.05414772
673.37182617 583.22534180 -10.20239353
678.08374023 597.90820312 2.69973278
687.42370605 560.25592041 2.04620886
689.75103760 558.26318359 1.87734675
692.04772949 556.83886719 1.41810286
710.35766602 547.30700684 2.98360300
765.82031250 512.29248047 28.32594299
661.38916016 431.05471802 -30.39135361
671.23284912 398.20736694 -10.05933952
680.58325195 400.22784424 -4.37951899
684.45922852 561.63446045 4.04246712
763.64465332 547.37298584 55.06209564
655.59515381 401.31289673 -28.36734962
685.54382324 612.73876953 12.09022522
652.16546631 441.04464722 -53.25488281
671.46722412 469.59240723 -39.57799530
663.91552734 623.10778809 4.69244099
716.22705078 581.10870361 23.90419197
700.05371094 506.72064209 -7.89842796
701.83959961 598.70202637 18.86737633
736.33972168 501.89825439 -1.82735586
715.27844238 519.67059326 -3.12532449
747.00695801 524.32104492 12.53541088
668.45593262 640.98730469 7.92941761
679.25439453 477.63031006 -28.18993568
726.53601074 592.87994385 39.29401398
708.95141602 611.23742676 31.75578880
728.33465576 561.59844971 22.70851898
776.59790039 528.10052490 65.97283173
745.32092285 564.14282227 37.32069397
781.40246582 538.82238770 102.31937408
726.03369141 536.53955078 5.95063400
670.33843994 455.52709961 -30.81337738
669.69091797 500.14343262 -58.06605911
677.38494873 503.75466919 -41.49211121
664.75799561 490.29705811 -69.07817078
683.77539062 380.49475098 -16.05458832
708.36303711 368.31219482 -18.69386864
729.65710449 366.07165527 -17.05653763
746.54125977 369.58258057 -10.41583920
757.58789062 377.15698242 -0.69015002
762.68066406 404.81472778 24.18193436
801.86645508 440.44567871 94.77815247
752.13623047 427.79257202 14.76407909
737.93041992 433.15090942 6.47011852
719.07928467 434.67587280 0.54376972
700.71801758 432.42794800 -2.93856668
686.63806152 428.29043579 -3.78066778
676.35369873 424.08154297 -5.40059090
804.89575195 438.76217651 149.88821411
676.97277832 507.30532837 -33.88322449
662.02209473 461.02862549 -51.99913788
660.67572021 501.22860718 -69.05287170
653.46673584 508.21630859 -62.05894470
660.19958496 503.61544800 -61.76123047
673.64752197 511.83917236 -28.12375641
650.99908447 509.83056641 -65.74745941
649.67907715 513.59277344 -47.89627457
677.27062988 412.34643555 -0.30159101
668.73657227 415.83221436 -8.58687592
663.29113770 419.41601562 -17.94613075
741.15960693 398.47546387 7.57949162
754.03771973 390.88262939 8.07811069
568.83782959 403.66836548 2.84126306
583.54821777 403.85003662 2.86787224
568.91345215 389.82989502 2.88135576
554.02716064 403.46890259 2.87104726
568.89215088 417.97155762 2.86522484
711.80145264 401.44226074 1.38880396
726.82128906 400.78054810 1.31753087
711.08343506 387.30130005 1.31914866
696.59533691 401.83212280 1.29825306
711.86163330 415.72979736 1.30137992
