# detector=MediaPipeFaceLandmarker-CPU confidence=0.900000
478
648.63208008 592.88159180 -28.76875114
647.50708008 543.60998535 -79.38416290
647.37597656 554.70489502 -35.95324707
632.42517090 494.39987183 -68.86505890
646.93737793 528.93164062 -87.43233490
645.92498779 509.30303955 -85.05585480
643.76312256 458.28982544 -54.98419189
536.90405273 434.03402710 4.70176554
641.97259521 404.20950317 -52.14097977
641.57604980 379.56384277 -60.38753510
639.03778076 298.43182373 -62.77344513
648.75671387 598.92486572 -25.46704865
649.00640869 604.59497070 -19.44559288
648.80322266 609.00268555 -10.14956856
648.93884277 609.92828369 -10.62995815
649.09942627 617.88903809 -10.08626080
649.44506836 627.18670654 -11.45769119
649.29199219 636.26257324 -7.04486561
648.27624512 648.83142090 11.19305992
647.62268066 550.31848145 -70.24260712
634.07745361 548.89019775 -48.52954865
482.71447754 360.34057617 61.61347198
577.87158203 450.08755493 -9.33170319
563.10180664 450.85058594 -7.84344006
548.76867676 450.09350586 -3.56503272
531.06555176 439.54351807 8.59774780
590.11120605 447.68783569 -8.09960842
548.97882080 399.46426392 -20.46006775
568.02673340 402.63375854 -21.19177628
533.24633789 402.43313599 -14.70021152
524.83538818 409.46936035 -7.78536224
518.45208740 449.54342651 18.33117867
595.46234131 667.67211914 36.42112350
531.46850586 428.28225708 9.23494720
475.52313232 433.24710083 84.60872650
500.87396240 436.55535889 31.48667145
569.82702637 519.54455566 -9.57389355
630.64916992 589.22802734 -27.17603302
632.33203125 603.58343506 -17.12894630
614.57922363 592.62469482 -17.02427483
603.23968506 595.04974365 -4.43382215
618.76702881 602.61346436 -10.84720612
607.94982910 601.48284912 0.39603156
580.41198730 613.42102051 26.23756218
635.44586182 543.37475586 -78.26489258
632.69097900 528.58728027 -85.51590729
503.72534180 397.26196289 -6.30870724
601.44323730 480.49530029 -20.07451820
602.15966797 535.05126953 -40.84197235
600.93804932 525.68023682 -37.70248413
524.40478516 514.90405273 10.05372620
632.31677246 510.26303101 -80.12078094
534.59197998 382.68957520 -35.76011658
515.70397949 386.78433228 -22.73180771
498.57855225 334.82168579 25.61051559
606.02294922 398.57849121 -47.69172668
584.13916016 411.57971191 -16.09209061
568.72271729 597.70092773 26.16794395
500.61029053 580.00756836 161.18533325
613.55133057 544.14215088 -33.55822754
623.62280273 548.14910889 -33.13700104
586.84991455 597.60546875 24.35084343
589.94549561 598.36114502 20.09595490
508.40686035 376.42965698 -17.95385551
601.97131348 540.95324707 -30.92256927
563.72698975 384.59347534 -44.78737640
560.51928711 371.78067017 -51.04714966
554.43469238 306.39389038 -40.82341766
502.84439087 355.40338135 0.23913263
557.05963135 338.66317749 -47.66822815
495.80816650 388.66775513 4.60429001
488.72406006 375.36318970 31.19381714
631.08813477 596.81958008 -23.79975128
616.75109863 597.72290039 -14.44854259
605.60656738 597.85400391 -3.12916160
616.62573242 546.82263184 -29.65607643
588.56866455 597.96130371 22.05372620
595.71643066 603.68518066 14.27511120
591.78009033 599.04766846 19.73331642
620.35510254 540.60656738 -56.21892548
609.75933838 604.04418945 4.38416100
620.67492676 605.85321045 -2.67534995
633.66882324 607.79986572 -8.31730938
627.83142090 647.89892578 12.06665611
630.47149658 633.68981934 -5.89792061
630.77667236 624.62573242 -9.69713116
631.86706543 616.00701904 -8.05097580
633.46258545 608.19213867 -8.57732868
609.33984375 603.77514648 4.47910261
606.43151855 606.57171631 4.23573446
603.80065918 610.48883057 3.53468084
602.02124023 614.86132812 7.41913795
585.09228516 576.64959717 -2.58323956
477.77734375 499.15759277 164.42822266
647.47607422 553.15496826 -48.14376450
601.42523193 601.75476074 13.34668541
598.40747070 602.98175049 13.44494343
625.73907471 553.31909180 -31.67533493
606.31695557 549.26428223 -17.57713318
624.57104492 550.85913086 -32.96302795
584.85314941 487.89904785 -12.48496246
558.69372559 497.66424561 -5.69269371
598.63763428 531.75512695 -27.62389946
521.63867188 316.97491455 -10.18754578
525.01000977 344.05905151 -25.29335785
529.24633789 370.15377808 -36.63967514
592.86370850 626.49743652 20.89393425
599.63854980 376.68606567 -58.35123062
596.77886963 338.62725830 -59.85104370
594.26733398 300.58593750 -58.41628265
537.61651611 446.70507812 2.89286017
503.34417725 460.33898926 28.95633507
597.77825928 444.61264038 -6.83700085
513.02484131 417.21554565 5.96787643
612.01458740 472.97836304 -27.38369179
609.80334473 530.74047852 -57.23574066
489.57006836 468.97698975 48.72729874
512.99877930 473.07278442 17.41120911
531.24645996 480.25891113 4.17316008
560.12329102 478.38116455 -3.09172511
581.84747314 472.55657959 -7.94792938
597.65539551 467.04614258 -13.76430416
630.54522705 460.14019775 -48.40149689
494.26803589 503.53015137 51.52961731
501.40942383 414.87472534 12.27551556
640.51446533 549.81164551 -69.33340454
603.93731689 497.84558105 -23.39390182
470.11734009 426.73184204 134.90438843
610.02685547 460.99108887 -18.05794716
597.13024902 531.44750977 -12.03214741
524.21911621 428.65289307 12.62831688
609.01464844 519.62573242 -53.31243134
487.05944824 538.60546875 166.78192139
597.55694580 438.59689331 -4.53597784
619.82128906 512.96679688 -69.79521179
536.02661133 624.15948486 86.41144562
538.17163086 637.60791016 118.85105133
482.03277588 502.23043823 107.96860504
516.79736328 601.63140869 101.15571594
481.03942871 401.61105347 61.48281479
594.37408447 681.41705322 49.51717758
642.10070801 552.84704590 -47.28644562
589.87841797 508.07522583 -15.22895718
489.33685303 437.65841675 47.03895950
549.95654297 440.92562866 -3.84527016
562.05468750 442.16729736 -7.53912258
593.76904297 605.94201660 17.50569916
500.08886719 535.51025391 64.06708527
620.35943604 701.00384521 58.69352722
579.44610596 675.97467041 84.51396179
561.18499756 659.99414062 99.53147125
640.25256348 338.59933472 -63.64638901
648.49389648 703.64550781 54.46830368
574.37854004 441.26837158 -8.48830414
586.03826904 439.81704712 -6.46369171
593.98193359 439.54608154 -4.30104113
491.60171509 409.93905640 27.06185341
583.84527588 421.74746704 -11.93713188
570.68426514 414.49526978 -14.70502758
557.27478027 412.86047363 -13.89005184
544.60260010 415.52346802 -9.50885582
537.49810791 420.25656128 -3.98339462
473.67272949 390.03552246 100.94027710
542.08703613 437.90548706 0.84054106
647.47302246 567.54180908 -29.85273361
600.15386963 570.47143555 -12.92605877
613.79675293 542.04644775 -40.38023376
626.98779297 567.63165283 -27.98256111
642.78594971 434.38189697 -47.99053192
556.36614990 646.11383057 76.20852661
574.78942871 663.24877930 64.13447571
618.99304199 693.43554688 36.53567886
518.62072754 612.89434814 142.35998535
593.33746338 432.02435303 -7.80093718
622.09326172 483.22946167 -48.05191803
648.56799316 696.50042725 33.23382950
598.38708496 690.50384521 68.84523010
490.14947510 537.76831055 113.92082214
620.34057617 606.21075439 -2.75413775
617.54296875 611.13146973 -2.88915396
615.53503418 617.77117920 -3.72529936
614.22473145 625.92749023 -0.00656034
608.21350098 639.16894531 14.97159576
599.26727295 599.73876953 10.64810562
596.79083252 598.05810547 10.48797703
594.74224854 596.47216797 9.82450867
574.07580566 585.93682861 10.60962105
517.27465820 547.28259277 33.86319733
621.46618652 465.55462646 -36.95743179
608.65765381 427.10650635 -17.79990768
598.18151855 427.47595215 -11.62058830
601.51422119 601.76672363 13.15605736
519.83056641 582.67749023 65.92118073
626.80651855 435.30139160 -37.25763321
600.89581299 652.94116211 26.70439529
645.22827148 492.92312622 -74.55120850
631.50585938 478.97821045 -60.61877441
644.25805664 477.33685303 -64.59410095
612.52502441 505.15292358 -42.94666672
648.28808594 683.37200928 21.16307259
648.29742432 665.49304199 16.82481384
623.67346191 663.28771973 19.80707741
568.68823242 619.68383789 36.65245819
583.57794189 541.99737549 -5.73327732
583.62011719 638.37927246 32.98228455
546.45574951 537.53405762 0.67982590
568.90905762 556.27386475 0.91555226
536.45843506 561.00091553 18.38043785
619.81658936 680.69757080 24.88098526
605.03747559 511.87518311 -29.81683540
558.31317139 630.89575195 54.16593933
577.10217285 650.22424316 48.18628693
555.29833984 600.27868652 33.41186142
506.22564697 562.06225586 75.69947052
538.89331055 601.37481689 48.92470932
500.38211060 571.04870605 115.36068726
557.97601318 574.08923340 12.48710537
613.59020996 489.87533569 -34.84500122
615.40490723 538.20550537 -59.87804413
606.95190430 540.54724121 -41.66965103
620.57507324 528.86151123 -72.06903076
593.81665039 408.77651978 -25.00410461
566.36437988 396.52810669 -28.31836700
543.07073975 393.74600220 -26.34673309
526.17987061 396.98617554 -19.04990387
516.07348633 404.77777100 -8.61337757
514.14672852 432.37771606 19.49302101
476.59436035 467.52667236 97.05403137
526.70294189 457.14215088 11.52709198
541.58105469 462.91363525 2.92930126
561.49810791 463.31661987 -3.36379051
580.37725830 460.44085693 -7.24214935
594.63525391 456.54196167 -8.92555332
604.42962646 452.87188721 -10.92551041
472.62768555 461.96841431 154.32699585
607.57696533 544.02709961 -33.27238464
622.03436279 498.76138306 -56.84677124
625.42407227 540.10681152 -71.35783386
633.05895996 546.49792480 -63.47033691
625.70788574 541.62872314 -63.52767563
611.06823730 548.40527344 -26.97873688
635.65887451 548.56536865 -67.14819336
637.47521973 551.02966309 -47.79795837
602.44018555 439.98944092 -6.62671661
612.21582031 445.33718872 -15.12859154
618.99218750 451.29840088 -24.73503113
533.95361328 424.39700317 1.90096211
521.21557617 417.84518433 2.09645867
657.72058105 493.76501465 -69.06244659
750.57165527 427.80603027 3.59429574
660.28015137 548.25323486 -48.58207321
800.74206543 351.53176880 59.98614883
709.25781250 446.73385620 -10.15318871
724.05578613 446.84533691 -8.78337193
738.76086426 444.94659424 -4.58039093
756.06298828 432.85308838 7.31695938
696.25354004 444.87292480 -8.71255493
735.86376953 393.76464844 -21.47855377
716.57470703 398.16650391 -21.96355820
752.03723145 395.89257812 -15.77278519
761.00512695 402.34170532 -8.96829700
769.05334473 442.05480957 16.92673302
700.99084473 665.19061279 36.17656708
755.42492676 421.13845825 7.98956394
809.87512207 424.25772095 82.91899109
785.86865234 428.08901978 29.99925232
720.71685791 516.26129150 -10.25743389
666.42382812 588.49914551 -27.47113228
664.97924805 603.03479004 -17.33895111
681.89697266 591.46960449 -17.56801605
693.11535645 593.67004395 -5.13274384
677.81970215 602.15106201 -11.32688427
688.36907959 600.27331543 -0.12501577
714.17327881 611.24725342 25.54884720
659.01464844 542.80432129 -78.36776733
660.89569092 528.31298828 -85.72581482
781.93676758 389.02005005 -7.78292894
687.34191895 478.48571777 -20.63127708
690.53253174 533.09753418 -41.31559753
690.78051758 523.77697754 -38.24059296
765.47229004 508.85113525 8.76337719
659.20294189 509.36267090 -80.21971130
749.87170410 376.28329468 -36.75482941
769.62707520 379.40002441 -23.98811531
783.84307861 326.33856201 24.13727760
678.22381592 396.57937622 -47.99470520
700.64184570 407.89425659 -16.75335693
725.26611328 594.37854004 25.42901039
791.00946045 572.51293945 159.83694458
679.19000244 542.68579102 -33.90114212
669.86138916 546.88415527 -33.30683136
707.89733887 596.41931152 23.69496918
704.96752930 597.33532715 19.36003113
776.17340088 368.55114746 -19.33779907
690.70764160 538.93115234 -31.44932556
720.28930664 380.16247559 -45.44398880
722.95233154 367.11788940 -51.73166275
724.61474609 301.16729736 -41.72163391
779.95391846 347.24688721 -1.28144026
723.70147705 333.75424194 -48.34453964
788.92065430 379.91827393 3.31122184
795.01037598 366.75711060 29.42003632
666.07177734 596.41601562 -24.04114532
679.90490723 596.91558838 -14.92665100
690.91748047 596.95690918 -3.76865268
676.54479980 545.25115967 -29.88137436
706.83685303 596.83721924 21.39957809
700.57177734 603.36798096 13.61906242
703.59082031 598.10858154 19.03344345
673.49853516 539.32830811 -56.50049210
686.22613525 602.85168457 3.88526964
676.13464355 605.36437988 -3.10777330
663.70654297 607.62390137 -8.56141949
668.09985352 646.67938232 11.99088669
668.11755371 633.58258057 -6.17285728
667.57983398 624.69061279 -9.97048855
666.29217529 615.52868652 -8.42946339
663.89984131 608.55865479 -8.86650181
686.96752930 603.36083984 3.94987965
690.25231934 606.01104736 3.62910271
693.22314453 610.34008789 2.88743043
695.60852051 614.74572754 6.79350567
708.07202148 574.03930664 -3.31279182
810.11419678 491.07702637 162.76547241
694.57043457 601.10260010 12.75346565
697.38818359 602.35333252 12.74531555
668.16680908 552.30133057 -31.85683823
686.19860840 547.62719727 -17.96844482
669.05505371 549.99530029 -33.12770081
704.30053711 484.78024292 -13.07345963
730.81835938 493.54425049 -6.54048347
693.29864502 529.62261963 -28.14641953
759.24414062 309.50793457 -11.30741215
756.78009033 336.86248779 -26.54499817
754.52954102 363.58419800 -37.64562225
702.17987061 624.58685303 20.30229187
683.53137207 374.21972656 -58.57653809
683.74865723 336.14324951 -60.41180420
683.97619629 297.66955566 -58.79316330
750.08660889 440.31359863 1.74359846
784.25341797 452.46792603 27.52600479
688.59954834 442.60241699 -7.44097424
773.27807617 409.53976440 4.58358860
675.99926758 471.38723755 -27.83596420
682.95837402 529.25701904 -57.62790298
798.34973145 460.67727661 47.12828064
775.38769531 465.97589111 15.90754032
757.53265381 474.62094116 2.86140633
728.74456787 474.26358032 -4.02322674
706.47070312 469.59164429 -8.71360397
689.95861816 464.56494141 -14.34834671
656.83190918 459.27349854 -48.57257080
794.62231445 496.07351685 49.78917694
784.34094238 406.51934814 10.74672699
654.18518066 549.25494385 -69.40100861
686.18249512 495.93572998 -23.88919830
814.62615967 417.82281494 133.01753235
677.49664307 459.05725098 -18.51275635
694.53460693 529.34863281 -12.60439968
762.49768066 421.21847534 11.37421513
683.03253174 517.96209717 -53.74814606
802.51708984 530.82537842 165.43601990
688.09191895 436.50891113 -5.03539085
671.76666260 511.81652832 -70.10443115
759.01257324 618.93920898 85.19381714
757.13061523 632.24005127 117.62754822
806.36322021 493.71209717 106.29037476
776.49353027 595.00512695 99.79142761
803.29956055 392.84829712 59.79039764
702.66577148 678.71331787 48.96529388
652.73974609 552.25085449 -47.33152390
700.60534668 505.53805542 -15.80280209
796.99023438 428.50061035 45.45804596
737.04217529 435.53884888 -4.85754919
725.00671387 437.71820068 -8.47821426
702.98632812 604.92993164 16.74806786
790.56860352 528.14672852 62.30369186
676.71801758 699.85559082 58.39832687
717.26287842 672.86926270 83.85861206
735.16485596 655.74700928 98.65129089
711.73999023 437.69931030 -9.24221611
699.90222168 437.04940796 -7.36418009
692.17236328 437.02081299 -4.83760452
794.02453613 401.02603149 25.22195625
700.96008301 417.90728760 -12.57222939
714.00457764 409.47207642 -15.49772835
728.27941895 407.02581787 -14.82126236
741.05749512 408.99377441 -10.50320244
749.01611328 413.64916992 -5.03146076
810.35955811 380.91125488 99.31817627
745.18786621 432.15585327 -0.14061388
693.07312012 568.58978271 -13.48818398
679.20690918 540.59930420 -40.74870300
667.23571777 566.74035645 -28.21496773
739.27233887 641.37689209 75.28094482
721.46575928 659.79663086 63.45520401
678.13159180 692.44079590 36.31611252
775.18444824 606.61621094 140.80961609
692.19384766 429.07476807 -8.41560936
666.83398438 482.23107910 -48.39637756
698.54858398 688.31555176 68.28276825
799.38793945 529.99322510 112.13046265
676.86022949 605.85070801 -3.27433395
679.77746582 611.21154785 -3.33731651
682.52062988 618.11199951 -4.29851437
683.98614502 625.75610352 -0.48635396
687.48974609 637.55804443 14.58068848
696.64703369 598.99755859 10.10880470
698.85949707 596.76922607 9.84187031
700.98461914 595.27856445 9.16081810
719.59887695 583.25030518 9.87407017
774.12261963 541.06042480 32.63764191
666.02606201 464.29928589 -37.20447922
676.57299805 425.08416748 -18.24919510
687.23693848 425.02740479 -12.26295471
693.85571289 600.65423584 12.61801338
772.89276123 576.67657471 64.69421387
658.35278320 434.20648193 -37.49111938
695.04638672 650.70965576 26.39997864
657.33184814 478.35598755 -60.77998352
678.20068359 503.35668945 -43.23709869
672.59887695 662.49536133 19.54606438
726.73974609 616.53637695 36.03882217
708.34716797 539.24853516 -6.33533049
712.09143066 635.24493408 32.39291382
744.98400879 533.04705811 -0.14718528
723.84893799 552.80755615 0.20446508
755.78295898 555.74914551 17.40776825
677.29461670 679.57916260 24.77336502
685.99151611 510.00799561 -30.32749367
736.85534668 626.82574463 53.36275101
719.13037109 646.66546631 47.60433578
738.79119873 595.88415527 32.65184402
785.32641602 554.85174561 74.25383759
755.49810791 596.59527588 47.88320923
791.08898926 563.62805176 113.65370178
734.77673340 570.34460449 11.65540791
675.98889160 488.23815918 -35.27835083
677.66552734 536.67462158 -60.21704102
685.70483398 539.06256104 -42.08950043
672.61853027 527.67321777 -72.45558929
690.90118408 405.97497559 -25.58323097
718.21667480 391.89520264 -29.03192329
741.79144287 388.11447144 -27.27901840
759.23767090 390.35775757 -20.17211151
769.67822266 397.20376587 -9.93750763
772.43041992 424.67559814 18.15680313
810.12622070 458.94058228 95.24285889
761.37054443 450.73492432 10.18286610
746.32128906 457.39419556 1.77872956
726.34179688 459.21542358 -4.26994514
706.96685791 457.16601562 -8.00487995
692.45458984 453.98867798 -9.45068550
681.84802246 450.92675781 -11.41824722
813.97949219 453.44369507 152.58959961
685.23559570 542.24102783 -33.79635620
668.31451416 497.32852173 -57.11508179
668.63818359 539.04028320 -71.66095734
661.31054688 545.69653320 -63.51134491
668.19671631 540.85626221 -63.76747894
681.98394775 546.84771729 -27.32733536
658.61706543 547.76531982 -67.31854248
657.07385254 550.88586426 -47.91921616
683.27148438 437.99911499 -7.08576012
673.84735107 443.70083618 -15.51579571
667.84637451 450.00234985 -25.09128761
752.87487793 417.57409668 0.80278432
765.43334961 410.47143555 0.85256851
565.51599121 426.87377930 -4.63395262
581.50695801 426.89578247 -4.59836674
565.59057617 411.76281738 -4.58376646
549.60455322 426.96246338 -4.59536028
565.63244629 442.59555054 -4.60172749
720.75653076 421.97604370 -5.49502182
736.99835205 420.95666504 -5.54292107
719.56597900 406.54391479 -5.54144859
704.05487061 422.85940552 -5.56397009
721.14624023 437.62380981 -5.56078386
