# detector=MediaPipeFaceLandmarker-CPU confidence=0.900000
478
659.75048828 564.75720215 -32.40338898
659.87072754 512.65246582 -85.37220001
659.87438965 526.42504883 -39.20078659
645.36181641 455.08593750 -73.23057556
659.62268066 495.57913208 -93.67527771
659.23876953 472.30545044 -90.74053955
658.60687256 413.85733032 -57.38128662
545.98120117 397.79367065 4.95188046
657.51721191 362.31314087 -54.09744644
657.37780762 336.62847900 -62.61295700
656.06274414 246.35290527 -63.15450668
659.81231689 571.25256348 -29.06858635
659.96466064 577.46472168 -22.69996834
659.64050293 582.29211426 -13.14688492
659.67370605 582.34747314 -13.63948441
659.67047119 590.65960693 -13.67973804
659.91711426 600.43817139 -15.51628208
659.71679688 610.10137939 -11.33666897
659.54315186 625.78900146 7.57459688
659.93927002 520.76342773 -75.62615967
645.41674805 519.55676270 -52.66769409
473.46145630 320.56979370 67.70356750
587.67816162 416.39062500 -9.65108109
571.75866699 416.99243164 -8.26926327
556.40802002 415.40704346 -3.83609486
538.41467285 403.73721313 9.01988602
601.05987549 413.24871826 -7.94567871
560.83062744 361.53320312 -22.02346039
580.32659912 364.46798706 -22.27091217
543.96142578 364.77838135 -15.93117905
534.10369873 372.04174805 -8.50877571
522.18572998 414.43151855 19.33330536
601.75103760 650.54565430 32.25082016
540.77111816 392.11062622 9.83351517
468.14434814 398.60595703 90.76953888
501.50170898 400.26293945 33.48486328
576.60906982 489.20013428 -11.01490879
640.40466309 560.85437012 -30.99870872
641.99163818 576.58117676 -20.58021355
622.42321777 564.90777588 -20.66431046
610.27703857 568.26580811 -7.71383762
627.16607666 575.72888184 -14.22710323
615.51562500 575.04937744 -2.55904698
586.76245117 589.95092773 23.54416656
646.81445312 512.42694092 -84.24377441
644.50018311 495.36505127 -91.81907654
507.80554199 356.50146484 -6.85949516
610.63488770 446.12881470 -21.05752754
611.64001465 504.59140015 -44.60986710
610.21124268 494.55206299 -41.10397339
525.75109863 484.42446899 9.36674118
644.69757080 473.77276611 -85.65789032
544.50860596 339.34399414 -37.74227905
522.78820801 344.54760742 -24.08018112
491.09390259 290.91751099 29.26635361
619.58007812 356.68887329 -49.89285278
597.16491699 373.89514160 -16.52547646
573.92279053 573.07336426 24.09094810
490.51165771 563.20208740 170.14389038
624.14379883 514.64569092 -36.77392197
635.64849854 519.19177246 -36.20278168
593.83068848 572.46679688 22.31282234
597.13922119 573.03289795 17.81130028
512.72973633 332.22387695 -18.82502747
611.09533691 511.28787231 -34.01633072
575.83990479 341.77584839 -47.05030823
572.61560059 326.50134277 -53.52216339
559.43438721 254.42242432 -41.21714783
501.52142334 311.61798096 0.98830116
567.07000732 290.13696289 -49.28402328
497.02728271 347.36651611 4.95269060
484.41531372 335.21197510 33.91687775
640.77630615 569.19665527 -27.60297012
624.87310791 570.55352783 -18.06660461
612.89764404 571.29785156 -6.38998508
627.56994629 517.57598877 -32.41462708
595.62341309 572.72924805 19.90274429
602.79736328 578.35260010 11.10930347
599.17407227 573.57781982 17.43096924
630.80352783 510.32403564 -60.90903473
617.62231445 577.65484619 1.45788121
629.32977295 579.14147949 -5.81379175
643.42126465 581.09216309 -11.56271553
638.10882568 625.20935059 8.13765812
639.84332275 608.07397461 -10.55546570
640.30578613 598.27001953 -14.26481724
641.52471924 589.09625244 -12.04314613
643.29559326 580.97064209 -11.90859795
617.37207031 577.58599854 1.42899692
614.24505615 580.70697021 0.54406434
611.39129639 585.04235840 -0.59425414
609.37390137 589.91125488 3.32505131
592.23999023 549.93029785 -5.26584196
468.78726196 473.50381470 176.36918640
659.88195801 524.29351807 -52.28303528
608.91406250 575.91375732 10.64540386
605.72949219 577.39770508 10.37186050
639.02435303 525.15917969 -34.87701035
615.96478271 520.43103027 -19.62660408
637.34100342 522.43725586 -36.10276794
592.84326172 455.39898682 -13.35461235
564.67041016 465.88558960 -6.59364033
607.39428711 501.52163696 -30.35280037
518.71893311 268.40731812 -8.89981461
528.00744629 296.24926758 -25.96123505
537.74951172 324.28652954 -38.45636749
600.02844238 603.49615479 17.35863495
613.60803223 332.61221313 -60.93155670
609.42572021 290.25042725 -61.72909164
604.41162109 247.79039001 -59.37355804
544.93786621 411.28796387 2.95769119
503.74114990 425.83850098 30.36098289
609.75561523 409.37814331 -6.49747658
518.52593994 379.50988770 6.21932745
622.16650391 436.10876465 -28.64302444
620.01947021 499.42004395 -61.96723175
485.41244507 436.49761963 51.36181641
515.33386230 439.41210938 17.83565903
536.08422852 447.22894287 3.77516627
567.66088867 445.82049561 -3.44221735
590.97241211 439.71267700 -8.24137592
608.18194580 432.86505127 -14.08278370
643.37823486 417.19403076 -50.63296509
489.48480225 473.97406006 53.76078033
503.77487183 376.35458374 12.87803650
652.19085693 520.14617920 -74.80613708
613.29986572 464.81008911 -24.92112732
461.00814819 393.23815918 146.21858215
621.49316406 424.60705566 -18.37611389
605.60150146 501.34695435 -13.41836166
531.16204834 392.32174683 13.40832138
619.28045654 487.28875732 -57.55767822
477.18136597 517.33251953 177.67657471
609.91796875 403.26940918 -4.05802727
631.20593262 478.43914795 -74.90845490
531.19500732 607.57476807 87.53274536
532.08422852 625.03204346 122.39871979
474.11761475 474.83837891 114.67468262
508.89328003 584.01855469 104.26331329
475.17266846 363.97586060 66.27455902
599.30529785 666.71063232 45.89864731
653.96044922 523.88323975 -51.33241272
598.04193115 476.72717285 -16.55306625
486.66107178 401.64587402 50.20938492
558.82287598 405.60699463 -4.18167639
571.39300537 407.75344849 -8.01979351
600.70440674 580.98223877 14.45286942
493.96002197 509.47207642 66.44861603
627.85968018 687.90240479 55.59952545
580.81188965 664.04064941 83.82193756
558.93707275 648.14276123 100.67813110
656.63934326 290.89465332 -65.08693695
659.08178711 690.30029297 51.39926147
584.52954102 407.10787964 -8.84129333
596.97589111 405.26104736 -6.65880203
605.66278076 404.56723022 -3.90747976
490.74234009 371.19631958 28.77179146
595.25122070 387.12823486 -12.34290504
581.41839600 380.38912964 -15.62985420
567.80047607 378.83926392 -14.93501854
555.21728516 381.09225464 -10.35574532
547.90319824 385.11444092 -4.44622564
464.31091309 353.09338379 109.97038269
551.05419922 401.89227295 0.79075599
659.75921631 539.68103027 -32.89842224
609.09515381 543.02227783 -15.69038010
624.40301514 512.16674805 -43.92064667
638.54595947 539.61468506 -31.36519623
658.09393311 389.21200562 -49.68024826
555.07501221 630.76867676 75.65873718
576.53717041 648.61865234 62.03221130
626.93725586 678.47613525 31.77408981
509.92584229 598.97442627 148.78854370
605.37994385 396.90798950 -7.67296886
633.47143555 444.49069214 -50.75061035
659.38653564 681.15478516 28.47283936
602.95581055 677.94989014 66.57226562
481.27874756 514.22454834 120.14267731
629.23101807 579.52905273 -6.03073502
626.19726562 584.82897949 -6.89833832
623.97863770 592.03826904 -8.31478024
622.45007324 600.85180664 -4.65573359
616.88159180 616.45654297 10.87114906
606.34942627 573.80590820 8.06115818
603.66918945 572.16381836 7.82181072
601.44152832 570.52191162 7.14334679
579.64855957 560.06335449 8.20894337
514.48944092 520.72497559 33.90090942
632.95220947 425.43679810 -38.62809372
621.50579834 388.50653076 -17.81761742
611.33685303 390.62307739 -11.46596527
608.96118164 575.78479004 10.59898186
514.68634033 560.78485107 67.16661072
638.19616699 391.24099731 -38.62369156
608.53588867 633.23913574 22.55366325
659.13439941 452.86343384 -79.10073853
644.35186768 437.40463257 -63.98262405
658.65649414 434.64935303 -68.00576019
623.14190674 471.09350586 -45.93419647
659.36999512 665.69219971 15.75870991
659.58447266 645.01696777 11.97594452
633.46630859 643.24444580 14.91532230
572.55877686 598.19964600 34.38033295
590.83953857 513.11566162 -7.15915680
589.35888672 618.25500488 29.74026680
549.85498047 508.46197510 -0.83931398
574.27404785 528.53326416 -0.80867475
536.84313965 534.58416748 17.16209221
628.65319824 663.46301270 19.56777191
614.48193359 479.75149536 -32.15927887
559.40032959 611.96057129 52.64727020
580.81958008 632.57049561 45.34931946
557.88061523 576.99578857 31.71707535
499.23263550 539.11846924 78.19813538
537.41900635 579.73297119 48.31329727
491.12573242 551.04516602 120.55512238
561.12817383 547.99871826 10.68418598
623.79119873 454.20312500 -36.89883423
625.68334961 507.50238037 -64.81776428
616.90460205 510.56671143 -45.48814392
631.48248291 496.55953979 -77.63724518
607.05126953 369.47354126 -25.73087311
578.80468750 356.41989136 -29.56885147
554.54199219 353.65029907 -27.91887283
535.65283203 357.47210693 -20.32631111
523.52288818 365.90985107 -9.19256306
518.19299316 396.00430298 20.72045517
469.00762939 436.55084229 103.56744385
531.73834229 422.60336304 11.99799061
547.66625977 429.01086426 2.99639916
569.28277588 430.07498169 -3.43305922
589.75372314 427.14889526 -7.30861282
605.42871094 422.16076660 -8.68874264
616.29101562 417.29333496 -10.69616222
463.79696655 432.38598633 166.43249512
617.36779785 514.54858398 -36.48261642
633.65515137 461.56573486 -60.58845139
636.24884033 509.15759277 -76.94422913
644.14746094 516.77209473 -68.54340363
636.50476074 511.35791016 -68.59848022
621.32214355 519.32818604 -29.69453812
646.93225098 518.86260986 -72.47943878
648.93560791 521.92163086 -51.87200165
615.32135010 404.03540039 -6.09964657
624.75225830 407.94549561 -15.00627422
631.08978271 412.04034424 -25.28300095
543.91333008 388.65527344 1.89253318
529.14300537 380.76644897 2.12067318
672.55383301 454.75262451 -72.84809113
770.55261230 394.86547852 8.11326885
674.11468506 519.31658936 -52.27984619
835.05078125 316.46936035 72.78548431
728.62359619 414.55236816 -7.67461252
744.15722656 415.00906372 -5.89861202
759.65527344 412.82031250 -0.99842632
777.54870605 400.40765381 12.33709717
714.99145508 411.64828491 -6.35663319
753.84674072 358.71929932 -19.50997925
734.28039551 362.38012695 -20.22974396
770.94799805 361.57406616 -12.90136337
781.15368652 368.45413208 -5.26534557
793.34094238 410.45877075 22.85596657
717.13018799 648.14343262 33.72401428
775.34411621 388.49682617 13.08469868
842.66326904 394.03347778 96.09225464
813.05480957 396.08087158 37.55193710
740.65802002 487.39407349 -9.14285755
678.71044922 560.34710693 -30.59132767
677.11169434 576.02142334 -20.13092232
695.79296875 563.91235352 -19.71511269
708.09906006 566.75268555 -6.40630484
691.41259766 575.18151855 -13.39998245
703.00048828 573.54583740 -1.34569550
730.92376709 587.91528320 25.33974075
672.48706055 512.10839844 -84.00566864
674.75292969 495.43676758 -91.60928345
806.17431641 352.52169800 -3.05642867
705.73883057 445.20474243 -19.79996109
706.97875977 503.60705566 -43.43879700
707.66467285 493.64666748 -39.92089844
790.96160889 480.83013916 12.53189087
673.42437744 473.18316650 -85.28766632
769.51733398 336.37173462 -35.37554932
791.46069336 341.17047119 -20.94049263
817.95837402 287.28424072 33.78393936
695.20812988 355.62249756 -49.17916107
717.81030273 372.05108643 -14.85395241
743.85620117 570.33251953 26.11820984
821.83618164 558.10369873 174.77178955
694.39746094 514.06494141 -35.81476974
683.49456787 518.51165771 -35.71113205
724.08251953 570.37353516 24.22592354
720.80126953 571.15118408 19.42712975
800.45593262 328.85913086 -15.40139675
707.39831543 510.23278809 -32.92989349
738.27783203 339.67181396 -45.40328217
741.48675537 324.47830200 -51.79759598
751.79614258 252.53562927 -38.86188889
809.07464600 307.91079712 4.96666622
745.48553467 288.02410889 -47.08277893
815.65112305 343.27685547 9.47607613
825.85504150 331.06942749 38.49868011
678.33679199 568.84289551 -27.14417458
693.65667725 569.68658447 -17.14436150
705.70690918 570.15246582 -5.17067528
691.45642090 516.75433350 -31.67823029
722.89904785 570.71276855 21.68393707
715.61718750 576.85748291 12.66943169
719.19732666 571.85534668 19.03934097
688.43371582 509.75155640 -60.05861664
700.61743164 576.21142578 2.63876438
689.50286865 578.51342773 -4.97253704
675.72808838 580.89666748 -11.09130859
680.85595703 623.88372803 8.67257023
679.70922852 607.28973389 -10.02859116
679.11804199 597.81866455 -13.59436417
677.94195557 588.14105225 -11.53247356
675.75286865 580.90728760 -11.36175251
701.03710938 576.16748047 2.69303370
704.28436279 578.99102783 1.77624655
707.20306396 583.56213379 0.62096691
709.53076172 588.17309570 4.63166237
725.89508057 548.18646240 -3.71645117
841.68090820 469.24099731 181.44091797
709.55883789 574.30102539 12.17502594
712.36566162 575.68688965 11.83584785
680.36260986 524.60516357 -34.43999481
702.22192383 519.64862061 -18.79720879
681.82989502 522.08123779 -35.63538361
723.63952637 453.57672119 -11.60707951
752.13806152 463.56198120 -4.29131079
710.60412598 500.38049316 -29.11515045
791.46191406 265.51071167 -5.25070477
783.58020020 293.10400391 -22.90631104
775.69885254 321.57775879 -35.82529831
718.00097656 601.50158691 18.87742233
700.56250000 331.49481201 -60.05161285
703.72894287 289.15350342 -60.81762695
707.48529053 246.67596436 -58.10923767
771.38562012 407.94458008 6.17634964
811.50341797 421.83993530 34.41950226
706.70104980 408.37445068 -5.09411335
796.60510254 375.78463745 9.89288521
693.96215820 435.39739990 -27.62269211
698.58935547 498.77352905 -61.00958252
829.07073975 431.76434326 56.09790039
800.75683594 435.54406738 21.48040962
780.45288086 444.10263062 6.82057762
749.17730713 443.41363525 -1.13106561
725.54449463 438.00927734 -6.53810024
707.89825439 431.40631104 -12.75835037
673.36987305 416.75082397 -50.23229599
825.47668457 469.73556519 58.20991898
810.11938477 372.40783691 17.05579376
667.25085449 519.74920654 -74.58832550
703.86871338 463.95153809 -23.71837234
847.55981445 388.82949829 151.26473999
694.95727539 423.56304932 -17.45195007
712.19183350 500.26657104 -12.34010792
784.61242676 388.59982300 16.86261749
698.91589355 486.50241089 -56.59307098
834.09655762 512.79327393 182.75366211
706.09283447 402.20220947 -2.49483061
686.90246582 477.90939331 -74.20956421
785.31280518 603.58428955 90.59481812
783.04193115 620.41345215 125.50784302
839.13140869 469.81848145 119.92530060
806.24548340 579.29400635 108.10131073
835.27343750 359.79635620 71.40738678
719.55761719 664.00543213 47.19898987
665.80810547 523.44232178 -51.19751358
719.22009277 475.37481689 -15.07962227
826.79016113 397.09185791 54.92803955
757.19128418 402.87219238 -1.44608426
744.85180664 405.36352539 -5.61740017
718.01910400 578.66320801 16.04072571
821.67297363 505.02175903 70.57593536
690.42163086 686.67736816 56.27508545
736.46600342 660.90643311 85.89404297
757.43518066 644.10327148 103.25447845
731.12091064 405.16229248 -6.70809555
719.01208496 403.80755615 -4.95704269
710.78015137 403.12527466 -2.20694208
822.46643066 367.06460571 33.15732956
719.19726562 385.21957397 -10.41188717
732.62500000 377.85095215 -13.44986534
746.99511719 375.94323730 -12.43815041
759.68414307 377.87969971 -7.44259930
767.79907227 381.94604492 -1.36337149
844.14172363 348.60528564 115.27512360
765.22033691 399.19284058 3.87696648
709.39916992 541.90307617 -14.52137184
694.32550049 511.63854980 -43.12111664
680.83593750 539.13116455 -30.85794258
761.85473633 626.65466309 78.08608246
741.24816895 645.28680420 63.96657562
691.97149658 677.52313232 32.47455978
803.89862061 594.19641113 152.59870911
710.25573730 395.26440430 -5.98717642
683.59545898 444.13513184 -50.09737396
715.06591797 675.65069580 67.90941620
832.17803955 509.57586670 124.86936951
689.92541504 578.29034424 -5.12564754
692.73693848 583.94775391 -5.85229492
695.40338135 591.24481201 -7.33117580
696.79876709 599.18652344 -3.61637807
701.89489746 614.58374023 12.10539913
712.05261230 572.58862305 9.65709591
714.39489746 570.40185547 9.47221375
716.74877930 568.88183594 8.87663174
738.42407227 558.23315430 10.18308544
802.44213867 516.90734863 37.52616501
683.29528809 424.85812378 -37.79539490
694.05639648 387.60067749 -16.82184601
704.39270020 389.43661499 -10.12454414
708.89392090 574.20288086 12.10279655
801.46148682 556.84454346 70.71814728
677.36303711 390.90042114 -38.09652710
710.38635254 630.95477295 23.82930756
673.08441162 437.14898682 -63.60662460
694.40258789 470.13629150 -44.93331528
685.79638672 642.47192383 15.29626751
745.73883057 595.61059570 36.44251251
726.80633545 511.57922363 -5.63122177
729.12463379 615.30364990 31.30266380
768.05725098 505.87619019 1.55602002
744.04919434 526.39080811 1.07950640
780.75781250 531.20324707 19.85868263
690.85076904 662.44805908 20.27030945
703.01367188 478.89428711 -31.08112144
757.95971680 608.63983154 54.97709274
737.76947021 629.30517578 47.14939880
759.81738281 573.61242676 34.19353104
816.13500977 534.49591064 82.27330017
780.10791016 576.30017090 51.15322495
823.02795410 546.21026611 124.97671509
756.50732422 545.52734375 12.92629051
693.23822021 453.39501953 -35.95563889
692.93542480 506.69650269 -63.92575836
701.53778076 510.01687622 -44.51053238
687.42053223 495.94357300 -76.96659851
708.08398438 368.07733154 -24.40527725
735.98596191 354.01834106 -27.70160675
760.21911621 351.02148438 -25.52283859
779.23999023 354.35021973 -17.35616302
791.30554199 362.14599609 -5.85659266
796.92193604 392.28732300 24.43013191
842.97698975 431.88983154 108.86375427
784.42370605 419.31707764 15.30113697
768.35211182 425.99682617 5.84677124
746.87878418 427.83807373 -1.08726716
726.25134277 425.26675415 -5.50007534
710.76647949 420.74008179 -7.26581144
699.40124512 416.36361694 -9.58418655
846.01672363 428.02020264 171.67356873
701.20483398 513.65557861 -35.64680481
684.06951904 460.73254395 -59.83064651
682.98767090 508.58020020 -76.50041962
675.15441895 516.31329346 -68.15527344
682.57476807 511.13183594 -68.06372833
697.48583984 518.59387207 -28.89271736
672.20129395 518.29711914 -72.30372620
670.68420410 522.05798340 -51.69967270
700.68878174 403.02789307 -4.79797220
691.13354492 407.26260376 -14.20070553
685.30151367 411.59722900 -24.61162186
772.11657715 385.35339355 5.09445667
786.81915283 377.08975220 5.49760866
575.49737549 392.26483154 -4.90080547
591.73425293 392.54183960 -4.87465096
575.86657715 376.58047485 -4.86020088
559.17248535 391.87048340 -4.87167263
575.22961426 408.50207520 -4.87770700
738.70721436 390.07208252 -3.12948966
755.18933105 389.21093750 -3.18112874
737.94567871 374.25372314 -3.17915416
721.95587158 390.57513428 -3.20240450
738.74145508 406.10635376 -3.19908905
