# detector=MediaPipeFaceLandmarker-CPU confidence=0.900000
478
318.92953491 296.25997925 -14.08550072
318.55508423 273.62231445 -37.60746384
318.81649780 279.83966064 -17.28748512
312.28762817 247.79959106 -32.22396851
318.42813110 266.03973389 -41.34563446
318.28601074 255.58622742 -40.06663513
318.16339111 229.24037170 -25.33497238
268.69274902 223.71678162 3.33401418
317.67562866 207.30825806 -23.55379295
317.60791016 196.32286072 -27.20451355
317.17889404 155.49630737 -27.31700134
318.96954346 299.03692627 -12.57948303
319.06536865 301.66738892 -9.76911068
318.94561768 303.73339844 -5.54292870
319.05731201 303.88497925 -5.89823961
319.02172852 307.51754761 -5.87202406
319.14483643 311.80276489 -6.74178886
319.10293579 316.06314087 -5.01574278
319.29495239 322.33874512 3.17606330
318.64392090 277.16281128 -33.36678314
312.24069214 276.63079834 -23.11396027
239.41986084 189.14263916 31.59591866
287.71905518 231.00144958 -3.57738137
280.67572021 231.43243408 -2.79521036
273.79113770 230.93070984 -0.67454505
265.44241333 226.27026367 5.18643522
293.49008179 229.53950500 -2.94524288
275.59197998 207.51577759 -8.61951065
284.38583374 208.59791565 -8.92295837
268.02542114 209.16221619 -5.81769085
263.55911255 212.45744324 -2.48987913
258.84487915 230.65232849 9.76799202
294.39779663 332.33728027 14.66535187
266.27371216 221.44715881 5.54964113
237.75494385 223.08694458 41.53815842
250.21029663 224.48677063 16.16805077
282.75375366 263.04733276 -4.21201658
310.59042358 294.54489136 -13.33206177
311.22344971 301.22949219 -8.70138645
302.72760010 296.11593628 -8.62861252
297.25875854 297.39257812 -2.88030553
304.74264526 300.80834961 -5.80429363
299.60513306 300.42233276 -0.66445071
287.48150635 306.40582275 10.84684753
312.92611694 273.46276855 -37.09816742
311.87362671 265.92468262 -40.41822433
252.76150513 205.74142456 -1.46759415
297.50726318 244.18685913 -8.88800049
298.62252808 269.88528442 -19.25204277
298.05404663 265.51278687 -17.70326614
260.62374878 260.78741455 5.29615068
311.99740601 256.21731567 -37.69375610
268.71182251 198.38265991 -15.44710732
259.14617920 200.59136963 -9.16322613
246.04156494 176.18092346 14.69182587
301.19827271 205.65953064 -21.40138245
291.98654175 212.60522461 -6.55848217
281.80310059 299.16558838 11.20125961
248.91181946 293.99282837 75.88271332
303.93154907 274.35733032 -15.91893959
308.68231201 276.49707031 -15.79867744
289.78430176 299.00799561 10.35756493
291.33828735 299.29806519 8.31400204
255.03250122 195.07987976 -6.69527864
298.51412964 272.77529907 -14.60345840
282.23623657 199.50329590 -19.80391693
280.80599976 192.57910156 -22.59691811
274.51562500 159.33825684 -16.80464745
250.51901245 185.44139099 2.22461700
278.50775146 175.56700134 -20.46875763
248.45881653 201.62509155 3.90989280
243.57052612 195.75192261 16.72198105
310.71563721 298.09326172 -11.80191231
303.76501465 298.53906250 -7.48561096
298.42938232 298.73611450 -2.32134438
305.36306763 275.64300537 -14.06783199
290.62210083 299.13949585 9.25841141
293.98895264 301.68411255 5.32283163
292.27215576 299.57470703 8.15070248
306.30596924 272.55007935 -26.59109306
300.55725098 301.61605835 1.11311483
305.69488525 302.29205322 -2.09326863
311.86291504 303.15606689 -4.69309330
309.98358154 321.96563721 3.59351063
310.43188477 314.97937012 -4.48383379
310.57592773 310.70272827 -6.00344563
311.11557007 306.69793701 -4.97808266
311.90774536 303.19189453 -4.97277784
300.56561279 301.48504639 0.99564028
299.19223022 302.80731201 0.64085943
297.88253784 304.68173218 0.09877408
296.94854736 306.80090332 1.80228627
289.77572632 289.48999023 -1.79562271
239.43925476 255.02655029 78.74070740
318.69079590 278.80175781 -22.96785545
296.82446289 300.68203735 5.09850931
295.37115479 301.29943848 4.99544048
310.25439453 279.22479248 -15.24046326
300.46878052 276.76599121 -8.41183090
309.48297119 277.99847412 -15.75711155
289.86981201 248.32588196 -5.31427908
277.39483643 252.84776306 -2.07321405
296.88507080 268.53894043 -12.96660042
257.15124512 166.01658630 -2.25886846
261.57675171 178.45024109 -9.84950066
265.82226562 191.59486389 -15.62986946
293.40194702 312.33114624 7.99811888
298.55926514 195.22972107 -26.20622444
296.61526489 175.39241028 -26.31484985
293.99057007 156.15980530 -25.18564796
268.54415894 229.32907104 2.46047544
251.22517395 235.39607239 14.75367451
297.17376709 227.74919128 -2.31326842
256.98904419 215.72354126 4.12996149
302.26290894 239.63287354 -12.32864857
301.75137329 267.70181274 -26.99914551
244.23117065 239.59162903 24.09415054
255.89120483 241.27714539 9.17380238
264.69244385 244.64270020 2.75798535
278.58621216 244.03460693 -0.74405646
288.95858765 241.34750366 -3.09884501
296.41912842 238.28749084 -5.78162622
311.33398438 230.88381958 -22.19605255
246.13645935 255.87333679 25.11441803
251.04525757 214.23086548 7.21920443
315.22744751 276.85379028 -32.93291855
298.97085571 252.49383545 -10.63340187
235.39692688 220.53677368 65.70574188
302.01846313 234.52809143 -7.77634668
296.10202026 268.37112427 -5.59085989
262.16543579 221.48826599 7.16213751
301.57284546 262.35852051 -25.06377220
243.36151123 273.93322754 79.24707031
297.16107178 225.11114502 -1.18397832
306.30035400 258.39135742 -32.82989502
264.77954102 313.79003906 39.43485260
265.80505371 321.10696411 54.71463013
241.06446838 255.82220459 51.86467361
255.57119751 303.44348145 46.99643326
240.08799744 208.22753906 30.88245201
293.66314697 339.05429077 20.68319511
316.02218628 278.58770752 -22.57905388
292.37313843 257.69097900 -6.82387924
244.45974731 224.91725159 23.62034798
274.71069336 226.68252563 -0.85224837
280.42816162 227.37123108 -2.65625381
292.99526978 302.81976318 6.82166624
248.42500305 271.22442627 30.61484718
306.12655640 348.02929688 24.76868248
286.20352173 337.77374268 37.46910858
277.06243896 331.05426025 45.01239014
317.34149170 175.59825134 -28.19116783
319.52673340 349.21322632 22.68041992
286.26058960 226.93566895 -3.13649058
291.66806030 226.04742432 -2.28911042
295.39440918 225.68969727 -1.08587384
245.91918945 211.79609680 14.25966930
290.88916016 218.48654175 -4.68660975
284.74230957 215.81088257 -6.00153351
278.62200928 215.33364868 -5.55862093
272.91683960 216.49931335 -3.44906449
269.58590698 218.34796143 -0.82766932
236.21891785 203.25776672 49.99468994
271.10501099 225.29985046 1.44056010
318.81185913 285.58224487 -14.49254513
297.18975830 286.63702393 -6.51004457
303.92697144 273.32791138 -19.09299850
309.70977783 285.44586182 -13.63542175
317.97158813 218.22293091 -21.80238724
274.88726807 323.76406860 34.00922775
283.97454834 331.32077026 27.88435745
305.47335815 344.20675659 14.30902576
256.72973633 309.70239258 66.44505310
295.20965576 222.50152588 -2.70657182
307.09786987 243.23149109 -22.23252869
319.53378296 345.50210571 12.64764690
295.54339600 343.71795654 29.76465416
244.35371399 272.85052490 54.17753983
305.74450684 302.44558716 -2.30351877
304.43383789 304.69696045 -2.64253163
303.44470215 307.80911255 -3.32379794
302.79144287 311.65536499 -1.78961027
300.75387573 318.02786255 5.02145958
295.47076416 299.80532837 4.03998423
294.21582031 299.02838135 3.96936178
293.19812012 298.27871704 3.69276667
284.26626587 293.70520020 4.20894718
256.47692871 276.37322998 16.17428780
306.80767822 234.74131775 -16.81777382
302.21502686 218.82034302 -7.35755587
298.03024292 219.71870422 -4.41885042
296.69546509 300.72286987 5.12819195
257.24124146 293.60391235 30.67941284
308.75708008 219.36930847 -16.70443535
297.15374756 325.08065796 10.26515961
318.29406738 246.78404236 -34.95043564
311.81350708 239.84971619 -28.16731453
318.12658691 238.55941772 -30.07478714
303.07040405 255.22074890 -20.02143669
319.39398193 339.10763550 7.10187149
319.39190674 330.43807983 5.37612820
307.95767212 329.53341675 6.80220413
281.64520264 309.89251709 15.67970371
289.39431763 273.51501465 -2.69014597
288.86892700 318.56161499 13.50238323
271.08822632 271.35086060 0.47089678
281.98272705 280.14938354 0.23220009
265.77395630 282.56362915 8.45815086
306.00640869 338.01806641 8.94734573
299.69668579 259.06399536 -13.84501743
276.24841309 315.79193115 23.84530449
285.38763428 324.59994507 20.51092148
275.15982056 300.82452393 14.68208694
250.95732117 284.04589844 35.68353271
266.67843628 301.93527222 22.13909340
248.53479004 288.91696167 54.29842758
276.30889893 288.43417358 5.40268230
303.17526245 247.70028687 -16.01693726
304.10476685 271.26672363 -28.28943443
300.80029297 272.54058838 -19.70935249
306.40505981 266.45251465 -33.97925186
296.01538086 210.81904602 -10.63563919
283.59384155 205.34913635 -12.10433483
272.84408569 204.28964233 -11.20392799
264.42623901 206.09585571 -7.68484306
259.09442139 209.82978821 -2.67939377
256.91891479 222.86720276 10.45138073
238.54554749 239.31159973 47.08807755
262.87982178 234.15898132 6.45173979
269.92410278 236.80036926 2.31703877
279.51834106 237.14941406 -0.73189956
288.56726074 235.76966858 -2.66887999
295.32455444 233.47679138 -3.37411141
299.94265747 231.30427551 -4.32583237
237.00057983 237.32186890 74.47200775
301.13265991 274.24975586 -15.75842953
307.27307129 250.78898621 -26.54364777
308.43200684 271.99938965 -33.77368546
311.67584229 275.34677124 -30.13800430
308.57507324 272.96841431 -30.08754730
302.78308105 276.34188843 -12.83872318
312.90249634 276.27105713 -31.88869667
313.78378296 277.69598389 -22.79092216
299.57247925 225.45455933 -2.15596175
303.51928711 227.15045166 -6.26937819
306.02645874 228.83856201 -10.86024380
267.71731567 219.94245911 2.00013113
261.30398560 216.39086914 2.21429873
324.24533081 247.72491455 -32.35527802
369.20971680 223.02612305 2.52734017
325.10681152 276.68502808 -23.16596794
396.80133057 187.74401855 30.35896301
349.80950928 230.73179626 -4.13510323
356.84051514 231.17167664 -3.45559645
363.91290283 230.41192627 -1.40277398
372.32409668 225.40394592 4.29007530
343.68212891 229.25665283 -3.35007477
361.03335571 206.41450500 -9.33703899
352.08444214 207.81208801 -9.47795486
368.84835815 207.93457031 -6.59131861
373.63888550 211.16772461 -3.33863616
379.02447510 229.52465820 8.81271458
344.87130737 331.86215210 14.40021801
371.50079346 220.37393188 4.67036104
399.50637817 221.68087769 40.34314728
387.45141602 223.23492432 15.13520336
354.87966919 262.68774414 -4.73832083
327.31909180 294.51141357 -13.49151802
326.75173950 301.19662476 -8.81195927
335.08959961 296.09472656 -8.92418098
340.75161743 297.39047241 -3.27422333
333.15618896 300.98843384 -6.06019783
338.36450195 300.39428711 -0.95488286
350.98617554 306.32144165 10.38918591
324.06814575 273.43762207 -37.17527390
325.02758789 266.06182861 -40.54789352
383.85272217 204.21873474 -2.47664857
339.60433960 244.01896667 -9.25863838
338.92166138 269.86044312 -19.56047249
339.31454468 265.50405884 -18.04026031
377.44406128 259.80941772 4.39198780
324.50741577 256.04449463 -37.79913330
367.14773560 197.10285950 -16.14024734
377.17510986 199.18232727 -10.04057789
389.74221802 174.85728455 13.55993843
334.34439087 205.23400879 -21.62431335
344.57281494 211.97583008 -7.01093435
356.58389282 298.78186035 10.66011810
389.81405640 292.33816528 74.85640717
333.40957642 274.43920898 -16.16207123
328.72186279 276.39263916 -15.91778564
347.85482788 299.20098877 9.90656090
346.36117554 299.49468994 7.86921883
380.98248291 193.68066406 -7.65238762
339.07653809 272.71234131 -14.92952347
353.34313965 198.60174561 -20.29297638
354.60958862 191.68949890 -23.09915924
360.38369751 158.63156128 -17.49227524
385.11700439 184.10589600 1.16762674
356.55200195 174.78038025 -21.00218010
387.88308716 200.10092163 2.89087439
392.52774048 194.32431030 15.54012585
327.22833252 298.14724731 -11.93270206
334.14916992 298.60427856 -7.74062014
339.63836670 298.89248657 -2.67330718
332.16070557 275.57919312 -14.22907448
347.30703735 299.32098389 8.83270550
343.98898315 301.97821045 4.95888853
345.63418579 299.79910278 7.72953701
331.10330200 272.58166504 -26.78265953
337.27380371 301.57104492 0.84504348
332.30624390 302.42333984 -2.30934334
326.16418457 303.27606201 -4.81294060
328.69830322 321.64279175 3.51763296
327.94564819 314.98135376 -4.61675596
327.64886475 310.82357788 -6.12135553
327.13540649 306.58636475 -5.14089298
326.22048950 303.45016479 -5.10132790
337.47717285 301.56036377 0.72876859
338.87442017 302.82324219 0.35023636
340.19094849 304.85720825 -0.21229228
341.29660034 306.91619873 1.48791683
348.17813110 289.19845581 -2.23943782
399.02792358 253.75531006 77.46022034
341.24221802 300.79586792 4.75969791
342.47869873 301.43823242 4.61857653
327.24749756 279.10501099 -15.35293579
336.99636841 276.77655029 -8.66381264
327.93469238 278.00967407 -15.87255096
347.47378540 247.86166382 -5.75501728
360.24780273 252.25991821 -2.68917131
340.63662720 268.42901611 -13.29967594
378.22018433 164.91520691 -3.16839886
373.80023193 177.27610779 -10.72729874
369.77899170 190.39695740 -16.35244751
345.19155884 312.11773682 7.63589287
336.55636597 194.73692322 -26.40624619
338.26821899 175.01296997 -26.68576622
340.57263184 155.72021484 -25.49735260
369.37402344 228.48036194 1.63869643
386.79360962 234.35073853 13.74798298
339.97109985 227.67074585 -2.70741105
380.35766602 214.49658203 3.17894745
334.48095703 239.49143982 -12.61871624
335.47317505 267.74118042 -27.25382996
393.94247437 238.23374939 23.01623726
382.27590942 240.25445557 8.15915108
373.35946655 243.84819031 1.88159370
359.36126709 243.45800781 -1.37726450
348.63842773 241.01301575 -3.60120416
340.75836182 237.95542908 -6.15752554
324.96667480 230.72120667 -22.32669449
392.28045654 254.74444580 23.92782021
385.96865845 212.90830994 6.17278624
321.91949463 276.76098633 -32.98900986
338.34820557 252.37992859 -10.98288536
401.85437012 219.12748718 64.30413818
335.04647827 234.27641296 -8.07533836
341.49688721 268.29067993 -5.94685650
375.50064087 220.41471863 6.27978897
335.67086792 262.31903076 -25.33395767
395.34805298 272.56668091 78.14734650
339.74307251 224.99722290 -1.55359101
330.50650024 258.34619141 -33.03186417
374.35015869 312.78833008 38.55554581
373.30877686 319.84127808 53.83751678
397.55023193 254.36851501 50.67207336
383.17178345 302.01962280 45.98661041
396.54818726 206.86265564 29.71582603
345.88024902 338.48898315 20.28676796
321.33593750 278.45571899 -22.61108017
345.17697144 257.45132446 -7.24094343
393.10614014 223.51956177 22.56060028
362.81176758 226.15107727 -1.57073057
357.10012817 226.95242310 -3.30836582
345.14807129 302.79574585 6.38646746
390.34835815 269.95852661 29.41823006
333.18621826 347.87664795 24.53512383
353.27761841 337.18585205 36.97771072
362.33691406 330.10247803 44.35514832
350.88357544 226.63037109 -3.66463923
345.42199707 225.85017395 -2.77257943
341.75570679 225.44679260 -1.47662532
391.16857910 210.43885803 13.11365223
345.84530640 217.82734680 -5.16349030
352.01782227 214.76516724 -6.55923939
358.56896973 214.12648010 -6.23338032
364.35769653 215.23422241 -4.17751503
368.06799316 217.24253845 -1.59086800
400.44827271 201.75120544 48.74274445
366.61752319 224.76942444 0.70856547
340.59094238 286.49090576 -6.85833645
333.43664551 273.42523193 -19.32491684
327.94287109 285.38723755 -13.78226757
364.31283569 322.75039673 33.34834671
355.36911011 330.63250732 27.38858223
333.78836060 344.14852905 14.11413193
382.15225220 308.25119019 65.34761810
341.69720459 222.07403564 -3.15338850
329.51745605 243.20301819 -22.45194626
343.92996216 343.33480835 29.35949326
394.27886963 271.51608276 52.94479752
332.53878784 302.44488525 -2.53835607
333.71179199 304.90762329 -2.83400393
334.90734863 308.10229492 -3.57236052
335.56011963 311.58969116 -2.00543880
338.02951050 317.75213623 4.78201914
342.45407104 300.09115601 3.68954468
343.57586670 299.11499023 3.56226158
344.67385864 298.45773315 3.26459312
353.93820190 293.55032349 3.71037912
382.12951660 275.33584595 15.25306892
329.62942505 234.57527161 -16.98700333
334.23468018 218.56987000 -7.66193533
338.72485352 219.43177795 -4.83209085
340.99301147 300.79675293 4.80318499
381.44842529 292.55929565 29.75814819
327.21652222 219.25202942 -16.87220955
341.91140747 324.62432861 10.00146580
324.64318848 239.80218506 -28.27338409
334.03091431 255.01995850 -20.21458054
330.99740601 329.48217773 6.61632252
357.41268921 309.54885864 15.21357441
348.30841064 273.26159668 -3.10924268
350.22433472 317.94839478 13.09132099
367.10238647 270.75485229 -0.19182016
356.23611450 279.71945190 -0.29041240
372.66622925 281.70980835 7.71178865
333.26773071 337.86459351 8.80309391
337.68975830 258.98800659 -14.16958523
362.76541138 315.11889648 23.25653267
353.97232056 323.86474609 20.05907249
363.49948120 300.09661865 14.08820152
387.69039917 282.67636108 34.62759399
372.34317017 301.20050049 21.36937332
390.16049194 287.44659424 53.13168335
361.88903809 287.98672485 4.78624487
333.80569458 247.54109192 -16.30146027
333.02932739 271.22222900 -28.51438332
336.52752686 272.67214966 -19.97693253
330.60540771 266.40689087 -34.24215698
340.22528076 210.40093994 -11.06025410
352.62115479 204.44874573 -12.66227531
363.53753662 203.27192688 -11.88051128
372.21957397 204.88586426 -8.49069595
377.83084106 208.43064880 -3.60253239
380.66961670 221.78507996 9.51856232
399.41012573 237.99661255 45.81336975
375.16503906 233.32478333 5.54177570
367.84655762 236.04040527 1.52375317
358.16683960 236.70729065 -1.36868596
348.86648560 235.41691589 -3.17930746
341.94686890 233.21951294 -3.71831203
336.89273071 231.16302490 -4.62637281
401.13687134 235.96649170 73.14994049
336.34912109 274.22979736 -16.07159615
329.47894287 250.56797791 -26.72734833
328.71371460 271.97454834 -33.97195816
325.57937622 275.32910156 -30.19401360
328.62451172 273.12396240 -30.25646019
334.80432129 276.34411621 -13.06143951
324.16256714 276.16354370 -31.99900055
323.55401611 277.87457275 -22.86942101
337.24365234 225.29713440 -2.46750522
333.19262695 227.02589417 -6.52557755
330.72949219 228.75318909 -11.07357311
370.05456543 218.89207458 1.20697153
376.34432983 215.20025635 1.32080984
282.73526001 220.83590698 -1.28412962
290.04391479 220.83380127 -1.27699685
282.72879028 213.97097778 -1.27099323
275.30599976 220.82423401 -1.27571332
282.76208496 227.94540405 -1.27894855
354.96704102 220.27545166 -2.25848937
362.57553101 220.01448059 -2.26243281
354.69726562 213.23963928 -2.26184201
347.29525757 220.39706421 -2.27248597
354.91851807 227.38169861 -2.27113867
