# detector=MediaPipeFaceLandmarker-CPU confidence=0.900000
478
663.61541748 577.89709473 -31.49085045
663.85461426 533.16784668 -68.67733765
663.89965820 545.15270996 -33.21959686
652.79040527 490.02703857 -55.72573090
663.74072266 520.30261230 -74.34243011
663.50769043 502.81475830 -70.75447845
663.19750977 459.26800537 -41.06275177
574.68811035 452.22491455 9.02894020
662.56958008 427.29602051 -37.01419067
662.55767822 409.66510010 -42.19738388
661.79595947 340.50521851 -34.50263596
663.61602783 582.70654297 -29.34083176
663.65386963 587.12469482 -24.35634613
663.36663818 590.58312988 -17.02895164
663.34411621 590.94842529 -15.18569469
663.27832031 597.10943604 -15.69512558
663.39233398 604.65344238 -17.26793098
663.15246582 612.28302002 -13.79053879
663.17822266 628.71429443 1.54266310
663.83581543 539.57403564 -61.40164185
652.48809814 538.98413086 -43.23465729
522.33056641 397.42214966 63.59562302
609.82385254 462.90029907 -2.44073772
597.01123047 464.71643066 -1.97547853
584.67584229 464.52883911 1.16192162
569.53973389 456.97750854 11.42202377
620.67639160 459.37820435 -1.57543528
587.60778809 426.44552612 -11.30382347
602.94024658 427.57855225 -11.10903931
574.62036133 429.19287109 -7.18350792
566.82836914 434.32922363 -1.44776964
558.56359863 465.02243042 18.51522255
616.86090088 649.58898926 17.29799461
570.31280518 448.45028687 12.74264240
519.47692871 455.15618896 75.80239868
542.85510254 455.39706421 30.27540970
602.28948975 519.69885254 -8.43418217
650.10620117 574.70776367 -30.14993286
651.57885742 586.75482178 -22.83590317
636.93005371 579.35095215 -22.63462830
627.95141602 584.23876953 -13.44860554
641.16589355 587.50958252 -18.29676819
632.62207031 588.86358643 -9.82148361
608.70642090 604.92828369 9.38271618
653.48028564 532.94506836 -67.77913666
651.81542969 520.28363037 -72.92830658
547.52172852 425.28881836 -0.23984021
627.06921387 485.40991211 -14.33654213
626.57867432 528.77758789 -35.73276138
625.72546387 521.47369385 -32.32392120
565.36737061 518.30505371 6.39185953
652.19531250 504.11511230 -66.71678925
577.05969238 413.50775146 -24.67885590
559.35711670 417.14080811 -14.52771091
535.56994629 375.20828247 34.87139893
635.64099121 425.34466553 -33.59196854
616.60711670 432.86694336 -6.28440142
599.97485352 592.21002197 10.77699852
537.68829346 579.72576904 126.86225128
635.80004883 536.02593994 -29.42975616
644.96984863 539.74511719 -30.50143051
616.18444824 592.32659912 8.70764065
618.86853027 591.81451416 5.11554337
551.73187256 408.14108276 -8.83144665
626.43750000 534.61816406 -27.78467178
602.06701660 415.49789429 -31.24177170
599.32238770 404.27233887 -35.23577881
588.31494141 347.11343384 -18.20571518
543.90209961 391.30422974 9.63583755
594.89996338 374.45614624 -28.11059761
539.35821533 418.56307983 10.49960995
530.75213623 408.68127441 35.27583313
650.57958984 581.28527832 -28.09337997
639.24444580 583.77368164 -21.16125870
630.31262207 586.36419678 -12.77501011
638.78710938 538.56756592 -26.98592758
617.60137939 592.04614258 6.68710423
622.95788574 594.21740723 -0.14526939
620.58691406 591.73516846 4.71865463
640.94573975 531.56744385 -48.78212738
634.31811523 590.39648438 -6.84594631
642.78106689 589.70434570 -11.95262146
652.56219482 590.01470947 -16.01603699
647.34960938 628.19348145 1.35906410
649.52624512 611.18029785 -13.81934261
649.97509766 603.38061523 -16.74760628
651.01074219 596.37353516 -14.78798389
652.37066650 590.30792236 -14.19514179
634.11987305 590.66070557 -5.59540510
631.72021484 593.42254639 -6.67102289
629.43426514 597.14373779 -7.76293659
627.56933594 601.45190430 -5.12942219
614.49316406 569.07293701 -10.45176125
521.06567383 512.32434082 138.37911987
663.83795166 542.58801270 -43.25454712
627.75659180 591.25421143 0.23882337
625.40594482 592.92211914 -0.37872791
647.94769287 544.80273438 -29.89998817
630.86541748 542.35211182 -16.99249077
646.44036865 542.47607422 -30.68196487
613.92700195 493.33258057 -9.07334900
593.37371826 502.61901855 -4.88460302
623.81652832 527.43829346 -24.23944664
556.90313721 358.10000610 5.79362679
564.67907715 379.58404541 -10.68642998
571.96301270 402.44747925 -23.36797714
618.83746338 613.76245117 5.15490341
630.71868896 408.33236694 -40.98753357
626.78656006 373.57403564 -37.42872620
622.47082520 341.75518799 -31.74329948
575.19116211 462.24557495 6.45361948
545.55450439 473.92102051 26.63102341
627.57592773 455.73693848 0.02441846
554.99609375 440.07162476 9.81238270
635.68670654 477.21688843 -19.90393066
633.07470703 523.98962402 -49.10456848
532.73712158 482.68084717 42.12573242
554.73419189 484.19351196 16.02321434
570.94421387 489.72140503 4.81775236
595.03302002 487.29199219 -1.08108652
612.78106689 481.22445679 -4.03293753
625.90301514 475.17315674 -8.23468971
651.50213623 462.11660767 -35.91996384
537.33496094 511.19842529 41.51879120
544.24847412 438.53610229 15.42122364
657.69067383 539.10406494 -60.76289749
628.83520508 499.34280396 -17.86954689
514.10699463 452.40686035 120.55073547
635.99450684 468.50360107 -11.03199196
622.90155029 527.88623047 -10.57536125
563.79510498 448.92425537 15.25148582
632.78454590 515.24365234 -44.90456009
527.66894531 544.95965576 136.23666382
627.28430176 451.01638794 2.72686815
641.85559082 508.07522583 -58.39591980
565.39685059 615.14166260 60.82988739
565.30389404 628.83593750 86.46025085
525.75433350 512.18737793 89.48159790
551.23187256 595.68682861 74.90677643
524.27947998 429.55004883 59.01384354
613.49291992 663.91711426 26.83663940
659.12182617 542.25000000 -42.47598648
617.71429443 509.32800293 -11.94900513
532.35968018 456.59539795 43.74105835
585.87915039 457.08477783 1.88278079
596.39526367 457.53039551 -1.13068032
621.05297852 596.85644531 2.22017598
541.79510498 537.95208740 49.21954727
635.83850098 683.17425537 33.58856201
598.53588867 662.15252686 55.54771805
582.93389893 648.35552979 68.92052460
662.07885742 373.59280396 -39.71640015
662.47558594 685.22558594 30.59252739
607.11029053 455.72296143 -1.67563915
617.31762695 453.19610596 0.06309859
624.24505615 452.10147095 2.48712134
534.83593750 434.89947510 28.50023079
614.96472168 441.37872314 -3.09789944
603.38616943 437.98638916 -6.20521545
592.53302002 437.75061035 -5.79895496
582.31298828 440.12988281 -2.54069042
576.25964355 443.34182739 2.08761001
515.86901855 421.87838745 94.77166748
579.13037109 454.86932373 5.70523977
663.72644043 556.49975586 -29.25112534
626.09423828 561.59375000 -17.08407593
635.70739746 533.73724365 -35.22473526
647.78857422 556.95867920 -28.35478210
662.91198730 443.36511230 -33.71290970
580.39538574 634.33227539 50.22376633
596.14300537 649.04534912 39.32030487
635.58056641 673.62115479 15.87642479
551.07501221 607.59588623 108.00437164
623.50720215 447.02655029 0.07435425
643.80432129 482.65435791 -37.27354431
662.69824219 676.38427734 13.56564522
615.55755615 674.43286133 42.05613708
531.70159912 541.71051025 91.36265564
642.65881348 590.35552979 -10.39926910
640.36401367 594.53576660 -11.53362465
638.58569336 600.24938965 -12.78120232
637.19909668 607.43200684 -10.29858589
631.49560547 622.37091064 1.28274417
625.65588379 590.11236572 -2.31482100
623.31677246 589.35882568 -2.59106660
621.30480957 588.37371826 -2.84424162
605.45172119 579.66705322 -0.87592387
558.19201660 546.23907471 23.41799736
643.67321777 468.72711182 -27.03181267
636.48260498 442.54394531 -7.62113047
628.50280762 443.15533447 -2.93108726
627.84045410 590.98962402 -0.35466528
556.89166260 577.78796387 47.34676361
648.30700684 445.20950317 -24.51284409
623.70751953 635.45294189 10.43972778
663.48846436 488.13421631 -60.26235199
652.02038574 476.68240356 -47.26057434
663.14971924 474.31329346 -50.28054810
635.99694824 503.34515381 -34.59640884
662.70544434 662.16314697 4.73257637
663.06579590 644.59075928 3.58996964
642.81420898 642.77697754 5.45471287
595.93249512 609.90466309 18.21662521
612.31573486 538.08789062 -6.96053410
608.50250244 624.79486084 14.97958279
583.63513184 535.67620850 -1.88332856
600.97772217 551.38366699 -3.99637175
574.09625244 557.13110352 10.51727772
637.92083740 659.74121094 7.51019096
629.36584473 510.48385620 -24.27940559
584.55328369 619.97198486 32.62827301
600.62731934 635.95159912 27.01991272
586.52600098 593.46905518 17.49696159
545.63043213 560.64825439 56.90790176
571.50750732 593.92828369 31.21165466
538.91455078 569.61401367 89.17975616
591.50183105 569.15167236 3.19998837
636.62133789 490.59591675 -26.90127945
637.08557129 529.57543945 -51.68080139
630.24255371 532.96252441 -36.74178314
641.68579102 521.28735352 -61.92031479
625.42407227 431.35552979 -13.36738491
602.92242432 423.55422974 -17.21189117
583.77636719 422.00219727 -16.86325645
568.75097656 424.78909302 -11.48955822
558.94128418 430.69348145 -2.73532581
554.76171875 451.88003540 20.50508499
520.86743164 483.40747070 83.18912506
566.03143311 471.07058716 12.67564774
578.72216797 475.22833252 5.13628435
595.60229492 474.89096069 0.02613934
611.61730957 471.30267334 -1.75565290
623.98779297 466.55761719 -3.20738912
632.40808105 462.55685425 -4.10105419
516.82391357 481.88787842 133.73738098
630.96215820 536.57067871 -29.80965805
643.87438965 495.42553711 -45.90400696
645.18554688 530.43225098 -61.67886734
651.54772949 536.58386230 -55.64304352
645.43328857 532.20300293 -55.08678436
634.52471924 540.67016602 -24.78656769
653.62792969 538.12408447 -58.91173553
655.15966797 540.78118896 -42.77142334
631.75781250 451.82528687 0.87809533
638.80932617 455.63848877 -6.70510387
643.12805176 459.05676270 -15.75483131
572.91455078 445.97894287 6.73905849
562.46875000 440.64456177 6.85059643
673.92236328 489.76434326 -55.20152664
750.69421387 450.10861206 12.97911835
675.04443359 538.73608398 -42.76044464
798.28192139 394.90048218 69.29947662
715.53723145 461.44293213 0.00958444
727.88702393 463.20401001 0.99000955
740.17468262 462.64437866 4.60259104
755.24359131 454.62124634 15.50990200
704.53485107 458.01947021 0.45922554
736.91455078 423.37530518 -8.14738560
721.52539062 425.15173340 -8.53869724
750.12438965 425.88906860 -3.50834131
758.16723633 431.03012085 2.49777484
765.76171875 462.30996704 22.93556595
708.00988770 647.68182373 19.13242149
754.93072510 445.74249268 16.82600212
801.61083984 452.28823853 81.84986877
781.10168457 452.27352905 35.24609375
723.07910156 518.50903320 -5.86489677
676.95629883 574.49353027 -29.48511314
675.12603760 586.53424072 -22.14364243
689.21740723 578.80633545 -21.18973923
697.93444824 583.43713379 -11.44535065
684.93719482 587.44982910 -17.02577209
693.17596436 588.18774414 -8.06037426
715.65270996 603.46185303 11.87239075
673.87463379 532.71240234 -67.44830322
675.68542480 520.35699463 -72.58505249
776.83782959 420.85693359 4.56294155
698.29907227 484.77886963 -12.71888542
700.57916260 527.88256836 -34.11288071
700.93054199 520.68615723 -30.70926476
759.05944824 516.05566406 10.63061237
674.54895020 503.64505005 -66.18651581
747.66674805 409.21566772 -21.09912682
765.32116699 412.70025635 -10.24343014
786.08959961 372.85925293 39.97521210
689.58239746 423.29806519 -32.28256989
708.23352051 430.78713989 -4.20810413
724.44641113 590.25390625 13.79786015
782.29223633 576.34954834 132.28982544
691.00592041 535.40063477 -28.48632050
682.23522949 539.01910400 -29.99256134
708.82312012 591.18927002 11.38827515
706.16662598 590.82391357 7.45435667
772.44110107 403.61337280 -4.43541336
700.52416992 533.60504150 -26.25593376
722.78881836 412.10906982 -28.87704468
725.55346680 400.89340210 -32.81303024
735.07128906 345.84130859 -15.27905273
778.47741699 388.25372314 14.30768108
729.00708008 372.60131836 -25.35299110
784.13208008 414.21029663 15.59392929
790.96752930 405.53604126 40.63895798
676.34277344 581.21777344 -27.37223434
687.02770996 583.41943359 -19.76589012
695.69042969 585.90191650 -10.92701817
688.34338379 537.71612549 -26.04361725
707.87408447 590.95538330 9.16716766
702.52532959 593.55603027 1.97065055
704.79217529 590.88787842 7.01106739
686.41571045 531.03076172 -47.67391586
691.13879395 589.80889893 -5.14050579
683.36248779 589.59521484 -10.69830704
674.02893066 590.08294678 -15.29069519
678.61877441 627.22094727 2.06276631
677.07763672 610.75494385 -13.08705521
676.59289551 603.22094727 -15.91098022
675.71923828 595.86645508 -14.03576088
674.07104492 590.49975586 -13.45469093
691.61669922 590.13037109 -3.86225581
694.03717041 592.62609863 -4.97403812
696.30554199 596.50762939 -5.96640158
698.36761475 600.56585693 -3.18040109
711.02954102 567.81921387 -8.16440010
798.65881348 509.67178345 144.15078735
697.85607910 590.58038330 2.33701491
699.92803955 592.14739990 1.64968562
679.41369629 544.16333008 -29.32377243
695.62677002 541.52844238 -15.75398540
680.78680420 541.99627686 -30.18267632
711.32287598 492.04226685 -6.79775190
731.70562744 501.10760498 -1.85322416
702.82873535 526.40722656 -22.54199982
765.89343262 356.14871216 9.97893715
758.74279785 376.80895996 -6.89059925
752.50988770 398.32284546 -19.70043182
705.76751709 612.33935547 7.25339222
694.10797119 406.01885986 -39.57684326
697.36846924 372.66110229 -36.09249496
701.15368652 340.98681641 -30.19229698
749.90405273 459.87615967 10.27189159
778.51776123 471.38369751 31.54816055
697.96356201 454.76617432 1.74815822
769.64160156 436.80969238 14.37166405
689.62329102 476.70501709 -18.60103989
694.04675293 523.50567627 -47.81966400
790.70483398 479.68191528 47.60903168
769.73937988 481.72366333 20.55851746
753.74908447 487.68750000 8.75340271
730.18371582 485.61611938 2.00720429
712.57659912 479.96627808 -1.68136096
699.25842285 474.03369141 -6.52646112
674.53747559 461.73825073 -35.35549545
785.95733643 508.66824341 46.96224976
779.53833008 435.04458618 20.30519295
669.68066406 538.78576660 -60.48472977
697.09252930 498.71090698 -16.29498291
805.34820557 449.77374268 126.46182251
689.56274414 467.59225464 -9.64762878
703.42810059 526.90197754 -8.78532791
761.03320312 446.15136719 19.61603355
694.14825439 514.66326904 -43.60784149
792.15478516 542.03985596 141.85543823
697.91857910 449.94940186 4.56203890
684.96337891 507.69311523 -57.45595932
757.06616211 612.07177734 64.64830017
756.14245605 625.33941650 90.29170227
796.31066895 509.07931519 95.52590942
770.27465820 592.39642334 79.52677917
797.08227539 426.70864868 64.76017761
711.34130859 661.64007568 28.63651466
668.52655029 541.89892578 -42.30756378
708.15612793 508.35137939 -9.97158527
790.95800781 453.27746582 49.15727615
739.03228760 455.02853394 5.31357241
728.78479004 455.66952515 1.85879159
704.65319824 595.53576660 4.41135597
781.35870361 535.20507812 54.42551422
688.79626465 681.95092773 34.59333801
724.97735596 659.43798828 58.13395691
739.67907715 645.02392578 72.06109619
717.74401855 454.17126465 0.88372111
707.85559082 451.91625977 2.24016809
701.25952148 450.78396606 4.44909048
788.65509033 431.35717773 33.73669434
709.58898926 439.60900879 -0.90602672
720.81921387 435.68322754 -3.55716419
732.13879395 435.23648071 -2.79155827
742.29443359 437.40698242 0.98210508
748.84570312 440.76223755 5.95308542
804.13580322 419.06872559 100.77131653
745.97827148 452.91726685 9.51680756
700.16387939 560.63153076 -15.40513897
691.28021240 533.15515137 -34.14198303
679.44018555 556.58551025 -27.67658997
742.48388672 630.93133545 53.30713272
727.57415771 646.28686523 41.79716492
689.59423828 672.71643066 16.88438416
769.58380127 604.37390137 112.44616699
701.63519287 445.53009033 2.02324009
682.25390625 482.39892578 -36.41275406
708.70513916 672.28967285 43.91960907
789.86401367 538.82623291 96.97742462
683.80432129 589.83044434 -9.12846756
685.82653809 594.28070068 -10.11762524
687.89172363 600.02618408 -11.31317043
689.09692383 606.51477051 -8.74262142
693.97021484 621.09466553 2.82241297
699.87377930 589.69653320 -0.27497286
701.99389648 588.48571777 -0.37299219
704.16192627 587.56896973 -0.45962650
719.64099121 578.47827148 1.99641168
765.69854736 543.90527344 27.92272186
681.83117676 468.24114990 -26.04496956
688.83435059 441.33743286 -6.52276325
696.75329590 441.80670166 -1.19543183
697.14959717 590.34167480 1.73803735
765.70080566 575.19671631 51.69676971
677.09228516 444.48193359 -23.73296738
701.27166748 633.76086426 12.06009388
674.44158936 476.47680664 -46.76126099
690.34454346 502.66741943 -33.42419052
682.87951660 642.21429443 6.08198643
728.48034668 607.90234375 21.12147903
713.48205566 536.85522461 -4.79154587
716.01733398 622.50067139 17.16186714
741.48730469 534.11566162 1.42284107
724.80645752 549.94219971 -1.30056274
750.23266602 555.02685547 14.31059361
687.77429199 658.86199951 8.46873474
696.86535645 509.81918335 -22.81253815
738.87683105 617.27465820 35.69604492
723.70837402 633.31896973 29.35281754
737.49157715 591.01385498 20.93645287
776.69055176 557.68951416 61.85464859
752.03033447 591.45391846 34.90688705
782.44982910 566.46246338 94.51956177
733.05670166 567.57635498 6.32289934
689.35845947 490.03326416 -25.65736580
689.82330322 528.95458984 -50.50338364
696.58435059 532.36260986 -35.40703201
685.54284668 520.84655762 -61.28179550
699.76159668 429.44924927 -11.86957264
721.94311523 420.54290771 -14.85521793
741.04602051 418.77252197 -13.57286263
756.06433105 421.29153442 -7.57869196
765.73327637 426.93145752 1.59428298
769.50805664 449.06774902 25.09511566
800.64746094 480.58032227 89.32251740
758.76721191 468.90020752 16.85615921
745.89227295 473.14080811 8.74255943
729.33898926 473.25573730 3.03576040
713.44995117 469.86187744 0.67038572
701.33911133 465.39208984 -1.29636979
692.61267090 461.68893433 -2.52536082
802.89013672 479.24880981 139.76637268
695.94396973 535.69061279 -28.58990479
682.65563965 494.82089233 -44.94658661
682.06848145 529.95001221 -61.03536606
675.76721191 536.17596436 -55.16438293
681.67474365 531.93750000 -54.37670135
692.48339844 539.91998291 -23.68545341
673.51196289 537.64410400 -58.62703323
672.38867188 540.83825684 -42.51237869
693.45837402 450.75997925 2.45204544
686.44525146 454.81091309 -5.41396046
682.55444336 458.46780396 -14.77459717
752.36889648 443.43704224 10.77459717
762.82580566 437.50231934 10.98095512
594.98767090 444.86718750 0.56345832
607.76739502 444.31756592 0.56451726
594.74023438 433.23828125 0.57396007
582.31170654 445.31954956 0.56689286
595.34130859 456.96643066 0.56188720
729.05761719 442.85116577 0.90371877
742.03808594 442.77465820 0.85785872
729.21069336 430.98388672 0.85851860
715.84051514 442.65130615 0.84175587
728.32977295 454.90563965 0.84399408
