# detector=MediaPipeFaceLandmarker-CPU confidence=0.900000
478
660.50878906 569.98162842 -33.58203506
659.04626465 525.26623535 -76.02165985
659.31347656 536.82141113 -36.45718384
646.34063721 476.33749390 -62.06782532
658.78668213 510.77407837 -82.56508636
658.43719482 491.16668701 -78.83048248
658.27819824 441.27664185 -45.43550873
556.93054199 419.26766968 10.55207443
658.53112793 389.52642822 -39.61246872
658.80181885 366.24081421 -45.35843658
658.12976074 290.46307373 -40.29563522
660.61041260 575.90600586 -30.93041420
660.75836182 581.62023926 -25.35578728
660.47430420 586.03375244 -17.16184044
660.48693848 586.48205566 -17.34071922
660.49810791 594.09985352 -17.71888542
660.70178223 603.09948730 -19.48773956
660.47430420 611.90582275 -15.97724724
659.92279053 625.45556641 0.22069338
659.14538574 532.08074951 -67.70888519
646.46142578 531.28137207 -47.38801956
506.07720947 346.84362793 71.70907593
595.29913330 435.60104370 -3.67142224
581.23950195 436.06646729 -2.29120135
567.52441406 434.91418457 1.91193128
550.78222656 424.30285645 13.68556404
607.21826172 433.30743408 -2.01593590
571.71148682 385.69467163 -11.83867836
589.43469238 388.98205566 -12.33994484
556.55487061 388.15191650 -6.52434349
547.72698975 394.68124390 -0.27414191
537.86120605 433.43096924 22.10266304
608.38543701 644.15722656 20.75548363
552.14691162 413.77914429 15.09587669
495.86297607 415.99639893 86.33445740
521.39001465 420.01989746 35.64526367
586.35101318 502.36953735 -9.59174156
644.01031494 566.63848877 -31.88769341
645.64123535 580.97918701 -23.33789825
628.19647217 571.30267334 -22.87271881
617.58612061 575.37493896 -12.02551270
632.82019043 580.96160889 -17.82475090
622.68731689 581.21923828 -7.98555899
596.09320068 595.20031738 13.83909130
647.61437988 524.96893311 -74.83686829
645.45361328 510.38870239 -80.74539948
528.71569824 380.91781616 2.98323774
616.80963135 465.05468750 -15.87536907
617.39465332 518.08380127 -39.20688248
616.17907715 509.24749756 -35.74074936
542.18359375 497.15469360 8.72141933
645.59149170 492.12838745 -74.07535553
560.01177979 367.01773071 -23.56097794
541.35479736 370.81826782 -11.41429806
522.15655518 322.96658325 39.61956787
625.68164062 383.60336304 -35.46150208
604.58489990 398.06301880 -7.77682781
585.35083008 580.27850342 15.18821335
513.10498047 557.71923828 145.45092773
628.27508545 526.89910889 -32.84632874
637.72772217 530.65881348 -32.96188354
603.54461670 581.62365723 13.02521801
606.46520996 581.64532471 8.82362652
534.86621094 360.36080933 -6.02486992
616.96948242 524.17785645 -30.34150887
587.08764648 369.43280029 -32.08168411
584.72418213 356.66760254 -36.75896072
576.90167236 296.18072510 -20.83486748
527.59161377 341.62652588 12.90399075
580.51293945 326.53955078 -30.38463783
520.88873291 372.43899536 14.17169380
512.68731689 360.28408813 40.76094055
644.48394775 574.25695801 -29.28765297
630.64404297 576.37023926 -21.01323700
620.16949463 578.02954102 -11.18419075
631.25274658 529.50561523 -29.20763779
605.14129639 581.63671875 10.78479290
611.59057617 585.95043945 2.84570265
608.25415039 581.97491455 8.53023243
633.54809570 523.10784912 -53.73556519
624.50024414 583.35211182 -4.61002922
634.75030518 583.91357422 -10.68864059
646.79895020 585.08758545 -15.61334133
641.08593750 624.56219482 0.69996595
643.57244873 610.07904053 -15.20777130
644.01696777 601.19195557 -18.19107437
645.12054443 592.86578369 -16.09719849
646.72125244 585.40948486 -15.74219227
624.28479004 584.02044678 -4.69587946
621.57141113 586.95355225 -5.61859846
619.10638428 590.99365234 -6.96335840
617.28082275 595.53918457 -3.79046488
601.10711670 557.81549072 -8.95993042
493.79531860 479.05288696 156.67349243
659.17596436 535.07629395 -47.53005600
616.80078125 583.37402344 2.83957958
614.09173584 584.87786865 2.38812923
640.05432129 535.42706299 -32.54884338
621.18463135 532.16345215 -18.56141090
638.79077148 533.22363281 -33.12256241
600.89526367 472.36822510 -9.76901722
575.88385010 481.20764160 -4.18247128
613.79052734 515.31604004 -26.71829414
544.73858643 306.15167236 6.97142839
549.42535400 330.72604370 -10.16955948
555.45275879 354.61160278 -23.17711639
607.76330566 606.56469727 8.20883560
621.01660156 362.35964966 -43.81428146
617.46582031 327.68417358 -41.54269791
614.84832764 291.47860718 -36.83639145
556.84014893 431.28872681 8.12681961
522.40515137 443.47280884 31.20219803
615.03247070 430.30035400 -0.38127655
535.38751221 401.45803833 12.59604073
627.04962158 457.22836304 -21.99005890
624.25122070 513.47344971 -54.22544098
507.64910889 451.27734375 48.92959595
531.44342041 456.30477905 19.12459946
549.25207520 463.83703613 5.98498249
577.35510254 462.68469238 -0.32182541
598.26940918 457.49908447 -4.32255507
613.65301514 452.17745972 -8.95660210
645.47454834 443.31549072 -39.42074585
511.00817871 485.12536621 48.72852707
523.99176025 398.54193115 19.13118172
652.34069824 531.50769043 -66.90213013
619.16699219 482.08248901 -20.37635994
490.35183716 409.67153931 135.55946350
625.67864990 445.94946289 -12.17278290
612.28613281 514.93463135 -12.21268463
544.90930176 413.64709473 18.12777519
623.74017334 502.88418579 -49.82118607
501.18591309 517.29003906 155.06344604
615.22753906 424.58117676 2.36066437
633.87677002 495.47857666 -64.80200195
548.20336914 603.08587646 70.29687500
548.68298340 615.81860352 99.93229675
498.21081543 482.69964600 102.52651215
529.34301758 580.28552246 86.35568237
503.24417114 385.53216553 67.31969452
606.55456543 657.40661621 31.94364929
653.96545410 534.78619385 -46.55738831
605.54205322 492.03021240 -13.71634102
509.53070068 420.72186279 50.39608765
569.30090332 426.10757446 2.13712645
580.80230713 427.58853149 -1.36704016
609.62353516 588.50598145 5.68910789
515.75085449 516.01867676 57.57941818
631.70275879 676.63165283 39.27741623
590.54803467 652.79461670 65.21127319
571.79541016 637.81500244 80.30235291
658.31738281 328.63836670 -44.87529373
659.35986328 679.74896240 35.19076157
592.43896484 426.98553467 -2.09040952
603.64025879 425.68038940 -0.07561242
611.51416016 425.47857666 2.46668410
514.06799316 393.48815918 33.56924057
602.58947754 409.36975098 -4.22787857
590.22052002 402.67977905 -6.69851780
577.79602051 400.88150024 -5.91520596
565.86291504 402.85046387 -1.98474634
558.80957031 406.73022461 2.91987896
495.81933594 374.88821411 106.56019592
561.81701660 423.02444458 6.70888042
659.56079102 547.81011963 -31.97765350
615.10931396 551.46667480 -17.17132759
628.33935547 524.74041748 -38.82247925
640.97827148 547.88623047 -30.52957726
658.22479248 417.92141724 -37.18724823
568.37170410 624.37353516 58.92517090
586.71655273 640.63189697 46.46263123
630.67803955 669.07299805 19.07239151
529.83734131 590.76556396 124.68011475
611.43579102 418.67596436 -0.47038811
636.67962646 466.22033691 -41.66858673
659.46191406 672.75042725 15.80060577
609.91766357 666.34790039 49.55337524
504.62524414 517.04638672 104.81865692
634.66339111 584.78582764 -10.81286907
632.01647949 589.67285156 -11.76900482
630.07452393 596.21929932 -13.33172798
628.70904541 604.23651123 -10.46189499
622.65942383 617.38635254 2.66550279
614.58215332 581.18792725 0.88512647
612.06781006 579.98773193 0.71846718
609.88043213 578.64263916 0.31300956
590.76452637 567.74444580 2.07304859
533.68963623 528.09838867 28.28516769
636.38494873 449.24435425 -29.80627441
626.40435791 412.91406250 -9.21907520
616.84051514 413.67221069 -3.60279441
616.85833740 582.63519287 2.91353703
534.67041016 562.37207031 55.10623550
642.46252441 418.93380737 -27.46371460
614.37011719 630.49456787 12.70703220
658.39385986 474.90429688 -67.13198853
645.85314941 461.27905273 -52.56658554
658.10559082 459.53228760 -56.10293579
627.29943848 488.58197021 -38.83560944
659.37469482 659.80426025 5.69907141
659.67663574 642.14739990 3.52566481
636.32373047 639.71514893 6.16175556
583.23895264 600.36914062 23.47669220
599.01190186 524.81121826 -7.39986324
597.49481201 617.60784912 18.96432114
563.67041016 519.14428711 -1.79746723
585.15161133 538.12359619 -3.24499083
553.14978027 541.96508789 12.38948345
631.96606445 656.55773926 9.35493374
620.06951904 495.84201050 -27.30598831
571.88726807 610.27227783 39.28393555
590.10601807 628.46551514 32.37475967
570.88220215 581.63671875 22.32332993
521.13476562 541.78466797 66.07788849
553.58245850 581.53839111 37.17024994
513.73278809 549.57507324 102.75750732
574.63470459 555.90881348 5.72570515
628.31121826 473.64611816 -30.24215889
629.12689209 520.60382080 -56.98566818
621.92797852 523.25897217 -40.29441833
634.10546875 511.14224243 -67.89230347
613.70812988 394.63162231 -15.31155491
588.61029053 382.16439819 -18.02938271
566.94421387 379.06585693 -16.39438438
550.42321777 381.91394043 -9.79520035
539.86291504 389.23696899 -0.32028615
534.71289062 416.52026367 24.51867867
494.78579712 449.11822510 95.12503052
545.56060791 441.13546753 15.01662159
559.76739502 447.20333862 6.69859171
579.00585938 448.12951660 0.79188222
597.21228027 445.68814087 -2.73612952
611.15563965 441.94210815 -3.49885654
620.85272217 438.29876709 -5.00455856
490.77517700 443.32089233 150.77183533
622.42907715 526.92053223 -32.60232162
636.32806396 481.21261597 -51.27838516
638.22058105 522.09710693 -68.03423309
645.22003174 528.62799072 -61.19313049
638.43450928 523.96160889 -60.73860550
625.81567383 531.15179443 -27.04693985
647.71752930 530.37646484 -64.80828094
649.59503174 533.16485596 -46.86694717
620.00183105 425.81011963 0.39093333
628.67639160 430.73907471 -8.00574112
634.65551758 435.88308716 -17.18790436
554.97558594 410.32601929 8.30627060
543.27416992 402.82327271 8.69444370
670.31726074 476.22528076 -62.12633514
760.75415039 418.37716675 10.55404282
671.64892578 530.92761230 -47.36398315
813.55102539 346.48382568 71.82796478
721.91802979 435.04010010 -3.73546791
735.88854980 435.73269653 -2.36233926
749.86706543 434.32748413 1.86769712
766.54541016 423.24804688 13.65838909
709.56616211 432.56573486 -1.98743522
746.05926514 384.06762695 -12.05148220
728.04174805 387.57604980 -12.39627647
761.49340820 386.54452515 -6.67053986
770.58947754 393.12207031 -0.41456562
779.66546631 432.26034546 22.16059494
709.30480957 643.60302734 21.04403687
765.33758545 412.34652710 15.06506062
821.54693604 415.93072510 86.67273712
796.79614258 418.65399170 35.78466415
730.70019531 502.32571411 -9.61646843
676.79962158 566.19958496 -31.96050644
675.15594482 580.55834961 -23.33053780
691.62902832 570.52185059 -22.91687202
701.90771484 574.42755127 -11.97950363
687.04455566 580.65673828 -17.85981178
696.81567383 580.27044678 -7.86834335
721.03466797 594.43988037 14.13580036
670.01983643 524.78723145 -74.85105896
672.13696289 510.59680176 -80.83264160
791.20513916 378.32028198 2.97944736
699.95117188 464.93728638 -16.03645515
699.39062500 517.52148438 -39.31814957
700.20782471 508.79217529 -35.92611694
774.65814209 496.68994141 8.87952042
671.05871582 491.77316284 -74.05468750
759.38018799 363.93978882 -23.44550705
778.55261230 368.00256348 -11.36489105
797.57641602 321.95840454 39.67215729
692.35095215 382.05068970 -35.32979965
712.83477783 396.63162231 -7.84498596
731.66229248 579.03271484 15.50254059
799.51995850 556.65979004 145.70315552
688.45898438 526.38226318 -33.05642700
679.94512939 530.06884766 -33.02912140
714.29431152 580.48028564 13.39959526
711.46032715 580.71215820 9.08997345
785.37780762 357.27648926 -6.04981709
699.68750000 523.47772217 -30.51258850
731.56805420 367.12686157 -32.01782608
734.09484863 354.07562256 -36.72668457
740.46154785 295.36099243 -20.90805054
791.66162109 340.11709595 12.82937908
737.00897217 325.55191040 -30.31681061
798.93707275 369.81726074 14.41301918
806.66125488 359.40640259 40.74020767
676.35278320 574.03314209 -29.31602859
689.37561035 575.79162598 -21.03336525
699.49523926 577.41326904 -11.12693882
686.04302979 528.76080322 -29.27847290
713.26959229 580.56835938 11.13250732
707.25244141 585.27239990 3.14540911
710.02893066 581.09631348 8.81590080
683.91345215 522.64086914 -53.79864502
694.65563965 582.40460205 -4.47937775
685.30871582 583.54760742 -10.66633129
673.90020752 584.98919678 -15.62539673
677.81188965 623.77941895 0.83426523
677.33630371 609.70721436 -15.15283775
676.88928223 601.08758545 -18.08938026
675.85156250 592.28326416 -16.11382103
673.73565674 585.56683350 -15.69730949
694.78906250 583.25805664 -4.47516108
697.72369385 586.04595947 -5.44260740
700.35156250 590.36029053 -6.77083588
702.51147461 594.78649902 -3.52783179
716.12915039 556.99365234 -8.84866524
820.80273438 479.26586914 156.94108582
701.85693359 582.47869873 3.15848470
704.33660889 583.96594238 2.62573028
677.99511719 535.17272949 -32.57673645
695.36248779 531.63586426 -18.66000175
678.96582031 533.03802490 -33.17837524
716.10546875 471.93524170 -9.75354767
741.51617432 481.08471680 -4.06306219
702.71569824 514.69067383 -26.86769485
774.20324707 304.85897827 7.02596140
769.31872559 328.95831299 -10.28685093
764.09973145 351.49584961 -23.10231018
709.72906494 605.81408691 8.48726463
697.06420898 360.40890503 -43.60958099
699.54589844 327.23770142 -41.68634033
701.80651855 290.87448120 -36.80315781
760.75561523 430.15615845 8.10737324
794.95977783 442.60913086 31.43094635
702.08911133 429.85131836 -0.42026740
783.27056885 399.90469360 12.58701897
689.43731689 457.00476074 -22.11030006
692.65228271 513.21405029 -54.33729553
809.42443848 450.66616821 49.20720673
785.82153320 455.63827515 19.13456154
768.01971436 463.69406128 6.01609516
740.07299805 462.49395752 -0.26561701
718.81048584 457.26254272 -4.36748123
702.99591064 451.60113525 -9.06836605
671.08374023 442.98425293 -39.42816162
804.65686035 484.61636353 48.87187576
794.68322754 396.75894165 19.09570503
665.62310791 531.17242432 -66.90892029
697.74291992 481.84811401 -20.55502129
826.82769775 410.05126953 135.56115723
691.26251221 445.27746582 -12.18058109
704.10693359 514.38421631 -12.35073471
772.79223633 412.21075439 18.18456268
693.05389404 502.52740479 -49.97987366
812.03277588 516.88763428 155.40461731
701.63055420 424.06481934 2.39076209
682.90966797 495.32546997 -64.87971497
766.97387695 602.36145020 70.26008606
765.65075684 614.77972412 99.79959106
817.02319336 481.92181396 102.88043213
784.48846436 579.16174316 86.40026093
815.19885254 385.38415527 67.49768829
711.33294678 656.76074219 31.95303345
664.32812500 534.35913086 -46.56871033
711.44720459 491.70019531 -13.84814167
808.60168457 419.29803467 50.56400681
747.97717285 425.22048950 2.11604428
736.65356445 426.92083740 -1.42653108
709.49822998 587.11773682 5.92901993
799.29577637 515.08685303 57.59339905
686.42932129 676.38751221 39.24034882
726.01806641 652.21685791 65.21514130
743.81530762 636.91632080 80.24287415
724.31506348 426.41796875 -2.07970595
713.22265625 425.19332886 -0.14026926
705.71112061 424.74426270 2.53170061
805.16381836 391.79226685 33.51446533
714.00750732 408.19100952 -4.34703493
726.27185059 401.35317993 -6.84965038
739.25549316 399.66494751 -6.12930727
750.98144531 401.62222290 -2.10028100
758.57348633 405.74603271 2.88453579
822.79614258 374.88040161 106.73758698
755.60192871 422.24133301 6.78615618
702.35784912 550.81903076 -17.15780067
688.51898193 524.26940918 -38.96959686
677.72998047 547.56842041 -30.54766846
747.36694336 623.24200439 58.87858582
729.94232178 639.98638916 46.52771759
687.59039307 669.06707764 19.10944748
783.49182129 589.83477783 124.46569824
705.59753418 417.66839600 -0.54277414
679.88842773 466.12884521 -41.79595947
707.58129883 665.92395020 49.48920822
808.99279785 516.25469971 104.86787415
685.47155762 584.13525391 -10.73994446
688.08746338 589.41516113 -11.60437107
690.45989990 596.13800049 -13.19698143
691.71777344 603.53253174 -10.25387859
695.70556641 616.59826660 2.93171835
704.33343506 580.58642578 1.11572540
706.59979248 578.87445068 0.94346464
708.80541992 577.68994141 0.55679548
726.55590820 567.18658447 2.38374782
782.22717285 527.41333008 28.53271294
680.00659180 448.91177368 -29.80396080
690.69610596 411.81085205 -9.41037941
700.29052734 412.72454834 -3.71084952
701.50177002 581.70629883 3.19299078
780.06829834 561.56829834 55.19880676
673.90222168 417.85281372 -27.51209068
703.43481445 629.80596924 12.94826889
670.76361084 461.18905640 -52.58600616
689.41430664 488.10345459 -38.81832886
682.16644287 639.73266602 6.09969902
733.91876221 599.54211426 23.83396530
717.71844482 524.32391357 -7.43873882
719.86682129 616.46527100 19.13343430
753.61950684 518.96472168 -1.66690826
732.35809326 537.66320801 -3.13789320
763.44982910 541.34106445 12.57799244
686.52984619 656.44158936 9.45267105
696.55181885 495.47314453 -27.50462532
744.25592041 609.35290527 39.43968582
727.17053223 627.41137695 32.51203156
745.59191895 580.32562256 22.65869331
793.16015625 540.55615234 66.18518066
762.51159668 580.82342529 37.28350830
799.57977295 548.44897461 102.74791718
742.07220459 555.42712402 5.91989994
688.40093994 473.29708862 -30.41570473
687.66308594 520.05212402 -57.06812286
694.57348633 522.95642090 -40.42701340
683.16802979 510.83850098 -68.10842133
704.14526367 393.27737427 -15.52438641
729.61090088 380.19818115 -18.07035828
751.55541992 377.27835083 -16.29771805
768.27893066 380.18377686 -9.75190258
778.90594482 387.26727295 -0.35005483
783.07708740 415.25952148 24.56089783
821.43927002 448.95779419 95.40547180
771.99487305 440.55242920 15.04224396
757.46734619 446.65673828 6.68702888
738.10961914 447.82580566 0.78747362
719.63439941 445.14260864 -2.78617620
705.74511719 441.33245850 -3.48502898
695.59899902 437.73413086 -5.04067612
825.55969238 443.78878784 150.98649597
694.29492188 526.26043701 -32.83403778
680.37506104 480.74182129 -51.34043884
679.24877930 521.68048096 -68.17035675
672.65167236 528.19036865 -61.16186523
678.95904541 523.77166748 -60.82551575
691.19934082 530.61712646 -27.14752579
669.96405029 529.91979980 -64.90278625
668.55651855 533.23590088 -46.93613052
696.81457520 425.09448242 0.38870883
688.00964355 430.01489258 -7.95463276
682.22180176 435.27532959 -17.29441261
762.54852295 409.22213745 8.32484722
775.31323242 401.32467651 8.58447838
584.02124023 413.16943359 2.06627488
599.47698975 413.62966919 2.07519984
584.47442627 398.87353516 2.08841348
568.73901367 412.76052856 2.07831526
583.70373535 428.02139282 2.07255483
733.13220215 411.71936035 1.34337449
748.57641602 411.26013184 1.26140702
732.49401855 397.12841797 1.26299000
717.38354492 411.95791626 1.24216700
733.06921387 426.46545410 1.24536204
